 3.14159265359 0.0
 2.91719313349 -0.0
 2.69279352535 -0.0
 2.46839377209 -0.0
 2.24399520829 -0.0
 2.01959545504 -0.0
 1.7951958469 -0.0
 1.57079632679 -0.0
 1.34639680669 -0.0
 1.12199719855 -0.0
 0.897597445299 -0.0
 0.673198881496 -0.0
 0.448799128245 -0.0
 0.224399520103 -0.0
 0.0 0.0
 3.14159265359 0.0
 2.91719366993 0.448798926717
 2.69279358907 0.448798486025
 2.46839388657 0.448798756527
 2.2439948006 0.448798891815
 2.01959542491 0.448799161569
 1.79519584128 0.448798475812
 1.57079632679 0.448799128245
 1.34639681231 0.448798475812
 1.12199722868 0.448799161569
 0.897597852988 0.448798891815
 0.673198767015 0.448798756527
 0.448799064522 0.448798486025
 0.224398983655 0.448798926717
 0.0 0.0
 3.14159265359 0.0
 2.91719281621 0.897596619849
 2.69279378574 0.897598104411
 2.46839367253 0.897597359363
 2.24399511804 0.897597484714
 2.01959542641 0.89759793571
 1.7951958707 0.897597374742
 1.57079632679 0.897597445299
 1.34639678289 0.897597374742
 1.12199722718 0.89759793571
 0.897597535547 0.897597484714
 0.673198981058 0.897597359363
 0.448798867853 0.897598104411
 0.224399837384 0.897596619849
 0.0 0.0
 3.14159265359 0.0
 2.91719297975 1.34639508072
 2.69279412663 1.34639714563
 2.4683935491 1.34639626025
 2.24399509323 1.34639659621
 2.01959542622 1.34639739587
 1.79519595412 1.34639662205
 1.57079632679 1.34639680669
 1.34639669947 1.34639662205
 1.12199722737 1.34639739587
 0.897597560357 1.34639659621
 0.67319910449 1.34639626025
 0.44879852696 1.34639714563
 0.22439967384 1.34639508072
 0.0 0.0
 3.14159265359 0.0
 2.91719297975 -1.34639508072
 2.69279412663 -1.34639714563
 2.4683935491 -1.34639626025
 2.24399509323 -1.34639659621
 2.01959542622 -1.34639739587
 1.79519595412 -1.34639662205
 1.57079632679 -1.34639680669
 1.34639669947 -1.34639662205
 1.12199722737 -1.34639739587
 0.897597560357 -1.34639659621
 0.67319910449 -1.34639626025
 0.44879852696 -1.34639714563
 0.22439967384 -1.34639508072
 0.0 0.0
 3.14159265359 0.0
 2.91719281621 -0.897596619849
 2.69279378574 -0.897598104411
 2.46839367253 -0.897597359363
 2.24399511804 -0.897597484714
 2.01959542641 -0.89759793571
 1.7951958707 -0.897597374742
 1.57079632679 -0.897597445299
 1.34639678289 -0.897597374742
 1.12199722718 -0.89759793571
 0.897597535547 -0.897597484714
 0.673198981058 -0.897597359363
 0.448798867853 -0.897598104411
 0.224399837384 -0.897596619849
 0.0 0.0
 3.14159265359 0.0
 2.91719366993 -0.448798926717
 2.69279358907 -0.448798486025
 2.46839388657 -0.448798756527
 2.2439948006 -0.448798891815
 2.01959542491 -0.448799161569
 1.79519584128 -0.448798475812
 1.57079632679 -0.448799128245
 1.34639681231 -0.448798475812
 1.12199722868 -0.448799161569
 0.897597852988 -0.448798891815
 0.673198767015 -0.448798756527
 0.448799064522 -0.448798486025
 0.224398983655 -0.448798926717
 0.0 0.0
 3.14159265359 0.0
 2.91719313349 0.0
 2.69279352535 0.0
 2.46839377209 0.0
 2.24399520829 0.0
 2.01959545504 0.0
 1.7951958469 0.0
 1.57079632679 0.0
 1.34639680669 0.0
 1.12199719855 0.0
 0.897597445299 0.0
 0.673198881496 0.0
 0.448799128245 0.0
 0.224399520103 0.0
 0.0 0.0
 3.14159265359 0.0
 2.91719366993 0.448798926717
 2.69279358907 0.448798486025
 2.46839388657 0.448798756527
 2.2439948006 0.448798891815
 2.01959542491 0.448799161569
 1.79519584128 0.448798475812
 1.57079632679 0.448799128245
 1.34639681231 0.448798475812
 1.12199722868 0.448799161569
 0.897597852988 0.448798891815
 0.673198767015 0.448798756527
 0.448799064522 0.448798486025
 0.224398983655 0.448798926717
 0.0 0.0
 3.14159265359 0.0
 2.91719281621 0.897596619849
 2.69279378574 0.897598104411
 2.46839367253 0.897597359363
 2.24399511804 0.897597484714
 2.01959542641 0.89759793571
 1.7951958707 0.897597374742
 1.57079632679 0.897597445299
 1.34639678289 0.897597374742
 1.12199722718 0.89759793571
 0.897597535547 0.897597484714
 0.673198981058 0.897597359363
 0.448798867853 0.897598104411
 0.224399837384 0.897596619849
 0.0 0.0
 3.14159265359 0.0
 2.91719297975 1.34639508072
 2.69279412663 1.34639714563
 2.4683935491 1.34639626025
 2.24399509323 1.34639659621
 2.01959542622 1.34639739587
 1.79519595412 1.34639662205
 1.57079632679 1.34639680669
 1.34639669947 1.34639662205
 1.12199722737 1.34639739587
 0.897597560357 1.34639659621
 0.67319910449 1.34639626025
 0.44879852696 1.34639714563
 0.22439967384 1.34639508072
 0.0 0.0
 3.14159265359 0.0
 2.91719297975 -1.34639508072
 2.69279412663 -1.34639714563
 2.4683935491 -1.34639626025
 2.24399509323 -1.34639659621
 2.01959542622 -1.34639739587
 1.79519595412 -1.34639662205
 1.57079632679 -1.34639680669
 1.34639669947 -1.34639662205
 1.12199722737 -1.34639739587
 0.897597560357 -1.34639659621
 0.67319910449 -1.34639626025
 0.44879852696 -1.34639714563
 0.22439967384 -1.34639508072
 0.0 0.0
 3.14159265359 0.0
 2.91719281621 -0.897596619849
 2.69279378574 -0.897598104411
 2.46839367253 -0.897597359363
 2.24399511804 -0.897597484714
 2.01959542641 -0.89759793571
 1.7951958707 -0.897597374742
 1.57079632679 -0.897597445299
 1.34639678289 -0.897597374742
 1.12199722718 -0.89759793571
 0.897597535547 -0.897597484714
 0.673198981058 -0.897597359363
 0.448798867853 -0.897598104411
 0.224399837384 -0.897596619849
 0.0 0.0
 3.14159265359 0.0
 2.91719366993 -0.448798926717
 2.69279358907 -0.448798486025
 2.46839388657 -0.448798756527
 2.2439948006 -0.448798891815
 2.01959542491 -0.448799161569
 1.79519584128 -0.448798475812
 1.57079632679 -0.448799128245
 1.34639681231 -0.448798475812
 1.12199722868 -0.448799161569
 0.897597852988 -0.448798891815
 0.673198767015 -0.448798756527
 0.448799064522 -0.448798486025
 0.224398983655 -0.448798926717
 0.0 0.0
 3.14159265359 0.0
 2.91719313349 -0.0
 2.69279352535 -0.0
 2.46839377209 -0.0
 2.24399520829 -0.0
 2.01959545504 -0.0
 1.7951958469 -0.0
 1.57079632679 -0.0
 1.34639680669 -0.0
 1.12199719855 -0.0
 0.897597445299 -0.0
 0.673198881496 -0.0
 0.448799128245 -0.0
 0.224399520103 -0.0
 0.0 0.0
