 3.14159265359 0.0
 3.01069316836 -0.0
 2.87979335432 -0.0
 2.74889415024 -0.0
 2.6179936761 -0.0
 2.48709431729 -0.0
 2.35619449019 -0.0
 2.22529466309 -0.0
 2.09439530429 -0.0
 1.96349483014 -0.0
 1.83259562607 -0.0
 1.70169581202 -0.0
 1.57079632679 -0.0
 1.43989684157 -0.0
 1.30899702752 -0.0
 1.17809782345 -0.0
 1.0471973493 -0.0
 0.916297990496 -0.0
 0.785398163397 -0.0
 0.654498336298 -0.0
 0.523598977491 -0.0
 0.392698503345 -0.0
 0.261799299274 -0.0
 0.13089948523 -0.0
 0.0 0.0
 3.14159265359 0.0
 3.01069252783 0.26180111773
 2.87979338528 0.261798275245
 2.74889352452 0.261799864127
 2.61799349643 0.261800265199
 2.48709428361 0.261799469935
 2.35619438675 0.261799685907
 2.22529473138 0.261799600691
 2.09439523201 0.261799625754
 1.96349500852 0.26179981502
 1.8325955965 0.261799307921
 1.70169584861 0.261799622087
 1.57079632679 0.261799299274
 1.43989680498 0.261799622087
 1.30899705709 0.261799307921
 1.17809764507 0.26179981502
 1.04719742158 0.261799625754
 0.91629792221 0.261799600691
 0.785398266842 0.261799685907
 0.654498369976 0.261799469935
 0.523599157164 0.261800265199
 0.392699129065 0.261799864127
 0.261799268313 0.261798275245
 0.130900125756 0.26180111773
 0.0 0.0
 3.14159265359 0.0
 3.01069302399 0.523598131491
 2.87979296978 0.523600118248
 2.74889327887 0.523598861337
 2.61799345252 0.523598477491
 2.48709376912 0.5235990687
 2.35619504982 0.523598605305
 2.22529443297 0.52359922823
 2.09439502787 0.523599073706
 1.96349501243 0.523599073282
 1.83259572787 0.523599010697
 1.70169590756 0.523598619477
 1.57079632679 0.523598977491
 1.43989674603 0.523598619477
 1.30899692572 0.523599010697
 1.17809764116 0.523599073282
 1.04719762572 0.523599073706
 0.916298220624 0.52359922823
 0.785397603769 0.523598605305
 0.654498884467 0.5235990687
 0.523599201071 0.523598477491
 0.39269937472 0.523598861337
 0.261799683815 0.523600118248
 0.130899629602 0.523598131491
 0.0 0.0
 3.14159265359 0.0
 3.01069291559 0.785398163397
 2.87979290353 0.785398163397
 2.74889381621 0.785398163397
 2.61799415448 0.785398163397
 2.48709435232 0.785398163397
 2.35619464492 0.785398163397
 2.22529404855 0.785398163397
 2.09439541048 0.785398163397
 1.96349527013 0.785398163397
 1.83259556191 0.785398163397
 1.70169590112 0.785398163397
 1.57079632679 0.785398163397
 1.43989675247 0.785398163397
 1.30899709168 0.785398163397
 1.17809738346 0.785398163397
 1.04719724311 0.785398163397
 0.916298605042 0.785398163397
 0.785398008673 0.785398163397
 0.654498301268 0.785398163397
 0.523598499113 0.785398163397
 0.392698837375 0.785398163397
 0.261799750062 0.785398163397
 0.130899738001 0.785398163397
 0.0 0.0
 3.14159265359 0.0
 3.01069302399 1.0471981953
 2.87979296978 1.04719620855
 2.74889327887 1.04719746546
 2.61799345252 1.0471978493
 2.48709376912 1.04719725809
 2.35619504982 1.04719772149
 2.22529443297 1.04719709856
 2.09439502787 1.04719725309
 1.96349501243 1.04719725351
 1.83259572787 1.0471973161
 1.70169590756 1.04719770732
 1.57079632679 1.0471973493
 1.43989674603 1.04719770732
 1.30899692572 1.0471973161
 1.17809764116 1.04719725351
 1.04719762572 1.04719725309
 0.916298220624 1.04719709856
 0.785397603769 1.04719772149
 0.654498884467 1.04719725809
 0.523599201071 1.0471978493
 0.39269937472 1.04719746546
 0.261799683815 1.04719620855
 0.130899629602 1.0471981953
 0.0 0.0
 3.14159265359 0.0
 3.01069252783 1.30899520907
 2.87979338528 1.30899805155
 2.74889352452 1.30899646267
 2.61799349643 1.3089960616
 2.48709428361 1.30899685686
 2.35619438675 1.30899664089
 2.22529473138 1.3089967261
 2.09439523201 1.30899670104
 1.96349500852 1.30899651178
 1.8325955965 1.30899701887
 1.70169584861 1.30899670471
 1.57079632679 1.30899702752
 1.43989680498 1.30899670471
 1.30899705709 1.30899701887
 1.17809764507 1.30899651178
 1.04719742158 1.30899670104
 0.91629792221 1.3089967261
 0.785398266842 1.30899664089
 0.654498369976 1.30899685686
 0.523599157164 1.3089960616
 0.392699129065 1.30899646267
 0.261799268313 1.30899805155
 0.130900125756 1.30899520907
 0.0 0.0
 3.14159265359 0.0
 3.01069316836 -1.57079556066
 2.87979335432 -1.57079594042
 2.74889415024 -1.57079606548
 2.6179936761 -1.57079612679
 2.48709431729 -1.57079616253
 2.35619449019 -1.57079618537
 2.22529466309 -1.57079620075
 2.09439530429 -1.57079621132
 1.96349483014 -1.57079621856
 1.83259562607 -1.57079622327
 1.70169581202 -1.57079622593
 1.57079632679 -1.57079622679
 1.43989684157 -1.57079622593
 1.30899702752 -1.57079622327
 1.17809782345 -1.57079621856
 1.0471973493 -1.57079621132
 0.916297990496 -1.57079620075
 0.785398163397 -1.57079618537
 0.654498336298 -1.57079616253
 0.523598977491 -1.57079612679
 0.392698503345 -1.57079606548
 0.261799299274 -1.57079594042
 0.13089948523 -1.57079556066
 0.0 0.0
 3.14159265359 0.0
 3.01069252783 -1.30899520907
 2.87979338528 -1.30899805155
 2.74889352452 -1.30899646267
 2.61799349643 -1.3089960616
 2.48709428361 -1.30899685686
 2.35619438675 -1.30899664089
 2.22529473138 -1.3089967261
 2.09439523201 -1.30899670104
 1.96349500852 -1.30899651178
 1.8325955965 -1.30899701887
 1.70169584861 -1.30899670471
 1.57079632679 -1.30899702752
 1.43989680498 -1.30899670471
 1.30899705709 -1.30899701887
 1.17809764507 -1.30899651178
 1.04719742158 -1.30899670104
 0.91629792221 -1.3089967261
 0.785398266842 -1.30899664089
 0.654498369976 -1.30899685686
 0.523599157164 -1.3089960616
 0.392699129065 -1.30899646267
 0.261799268313 -1.30899805155
 0.130900125756 -1.30899520907
 0.0 0.0
 3.14159265359 0.0
 3.01069302399 -1.0471981953
 2.87979296978 -1.04719620855
 2.74889327887 -1.04719746546
 2.61799345252 -1.0471978493
 2.48709376912 -1.04719725809
 2.35619504982 -1.04719772149
 2.22529443297 -1.04719709856
 2.09439502787 -1.04719725309
 1.96349501243 -1.04719725351
 1.83259572787 -1.0471973161
 1.70169590756 -1.04719770732
 1.57079632679 -1.0471973493
 1.43989674603 -1.04719770732
 1.30899692572 -1.0471973161
 1.17809764116 -1.04719725351
 1.04719762572 -1.04719725309
 0.916298220624 -1.04719709856
 0.785397603769 -1.04719772149
 0.654498884467 -1.04719725809
 0.523599201071 -1.0471978493
 0.39269937472 -1.04719746546
 0.261799683815 -1.04719620855
 0.130899629602 -1.0471981953
 0.0 0.0
 3.14159265359 0.0
 3.01069291559 -0.785398163397
 2.87979290353 -0.785398163397
 2.74889381621 -0.785398163397
 2.61799415448 -0.785398163397
 2.48709435232 -0.785398163397
 2.35619464492 -0.785398163397
 2.22529404855 -0.785398163397
 2.09439541048 -0.785398163397
 1.96349527013 -0.785398163397
 1.83259556191 -0.785398163397
 1.70169590112 -0.785398163397
 1.57079632679 -0.785398163397
 1.43989675247 -0.785398163397
 1.30899709168 -0.785398163397
 1.17809738346 -0.785398163397
 1.04719724311 -0.785398163397
 0.916298605042 -0.785398163397
 0.785398008673 -0.785398163397
 0.654498301268 -0.785398163397
 0.523598499113 -0.785398163397
 0.392698837375 -0.785398163397
 0.261799750062 -0.785398163397
 0.130899738001 -0.785398163397
 0.0 0.0
 3.14159265359 0.0
 3.01069302399 -0.523598131491
 2.87979296978 -0.523600118248
 2.74889327887 -0.523598861337
 2.61799345252 -0.523598477491
 2.48709376912 -0.5235990687
 2.35619504982 -0.523598605305
 2.22529443297 -0.52359922823
 2.09439502787 -0.523599073706
 1.96349501243 -0.523599073282
 1.83259572787 -0.523599010697
 1.70169590756 -0.523598619477
 1.57079632679 -0.523598977491
 1.43989674603 -0.523598619477
 1.30899692572 -0.523599010697
 1.17809764116 -0.523599073282
 1.04719762572 -0.523599073706
 0.916298220624 -0.52359922823
 0.785397603769 -0.523598605305
 0.654498884467 -0.5235990687
 0.523599201071 -0.523598477491
 0.39269937472 -0.523598861337
 0.261799683815 -0.523600118248
 0.130899629602 -0.523598131491
 0.0 0.0
 3.14159265359 0.0
 3.01069252783 -0.26180111773
 2.87979338528 -0.261798275245
 2.74889352452 -0.261799864127
 2.61799349643 -0.261800265199
 2.48709428361 -0.261799469935
 2.35619438675 -0.261799685907
 2.22529473138 -0.261799600691
 2.09439523201 -0.261799625754
 1.96349500852 -0.26179981502
 1.8325955965 -0.261799307921
 1.70169584861 -0.261799622087
 1.57079632679 -0.261799299274
 1.43989680498 -0.261799622087
 1.30899705709 -0.261799307921
 1.17809764507 -0.26179981502
 1.04719742158 -0.261799625754
 0.91629792221 -0.261799600691
 0.785398266842 -0.261799685907
 0.654498369976 -0.261799469935
 0.523599157164 -0.261800265199
 0.392699129065 -0.261799864127
 0.261799268313 -0.261798275245
 0.130900125756 -0.26180111773
 0.0 0.0
 3.14159265359 0.0
 3.01069316836 0.0
 2.87979335432 0.0
 2.74889415024 0.0
 2.6179936761 0.0
 2.48709431729 0.0
 2.35619449019 0.0
 2.22529466309 0.0
 2.09439530429 0.0
 1.96349483014 0.0
 1.83259562607 0.0
 1.70169581202 0.0
 1.57079632679 0.0
 1.43989684157 0.0
 1.30899702752 0.0
 1.17809782345 0.0
 1.0471973493 0.0
 0.916297990496 0.0
 0.785398163397 0.0
 0.654498336298 0.0
 0.523598977491 0.0
 0.392698503345 0.0
 0.261799299274 0.0
 0.13089948523 0.0
 0.0 0.0
 3.14159265359 0.0
 3.01069252783 0.26180111773
 2.87979338528 0.261798275245
 2.74889352452 0.261799864127
 2.61799349643 0.261800265199
 2.48709428361 0.261799469935
 2.35619438675 0.261799685907
 2.22529473138 0.261799600691
 2.09439523201 0.261799625754
 1.96349500852 0.26179981502
 1.8325955965 0.261799307921
 1.70169584861 0.261799622087
 1.57079632679 0.261799299274
 1.43989680498 0.261799622087
 1.30899705709 0.261799307921
 1.17809764507 0.26179981502
 1.04719742158 0.261799625754
 0.91629792221 0.261799600691
 0.785398266842 0.261799685907
 0.654498369976 0.261799469935
 0.523599157164 0.261800265199
 0.392699129065 0.261799864127
 0.261799268313 0.261798275245
 0.130900125756 0.26180111773
 0.0 0.0
 3.14159265359 0.0
 3.01069302399 0.523598131491
 2.87979296978 0.523600118248
 2.74889327887 0.523598861337
 2.61799345252 0.523598477491
 2.48709376912 0.5235990687
 2.35619504982 0.523598605305
 2.22529443297 0.52359922823
 2.09439502787 0.523599073706
 1.96349501243 0.523599073282
 1.83259572787 0.523599010697
 1.70169590756 0.523598619477
 1.57079632679 0.523598977491
 1.43989674603 0.523598619477
 1.30899692572 0.523599010697
 1.17809764116 0.523599073282
 1.04719762572 0.523599073706
 0.916298220624 0.52359922823
 0.785397603769 0.523598605305
 0.654498884467 0.5235990687
 0.523599201071 0.523598477491
 0.39269937472 0.523598861337
 0.261799683815 0.523600118248
 0.130899629602 0.523598131491
 0.0 0.0
 3.14159265359 0.0
 3.01069291559 0.785398163397
 2.87979290353 0.785398163397
 2.74889381621 0.785398163397
 2.61799415448 0.785398163397
 2.48709435232 0.785398163397
 2.35619464492 0.785398163397
 2.22529404855 0.785398163397
 2.09439541048 0.785398163397
 1.96349527013 0.785398163397
 1.83259556191 0.785398163397
 1.70169590112 0.785398163397
 1.57079632679 0.785398163397
 1.43989675247 0.785398163397
 1.30899709168 0.785398163397
 1.17809738346 0.785398163397
 1.04719724311 0.785398163397
 0.916298605042 0.785398163397
 0.785398008673 0.785398163397
 0.654498301268 0.785398163397
 0.523598499113 0.785398163397
 0.392698837375 0.785398163397
 0.261799750062 0.785398163397
 0.130899738001 0.785398163397
 0.0 0.0
 3.14159265359 0.0
 3.01069302399 1.0471981953
 2.87979296978 1.04719620855
 2.74889327887 1.04719746546
 2.61799345252 1.0471978493
 2.48709376912 1.04719725809
 2.35619504982 1.04719772149
 2.22529443297 1.04719709856
 2.09439502787 1.04719725309
 1.96349501243 1.04719725351
 1.83259572787 1.0471973161
 1.70169590756 1.04719770732
 1.57079632679 1.0471973493
 1.43989674603 1.04719770732
 1.30899692572 1.0471973161
 1.17809764116 1.04719725351
 1.04719762572 1.04719725309
 0.916298220624 1.04719709856
 0.785397603769 1.04719772149
 0.654498884467 1.04719725809
 0.523599201071 1.0471978493
 0.39269937472 1.04719746546
 0.261799683815 1.04719620855
 0.130899629602 1.0471981953
 0.0 0.0
 3.14159265359 0.0
 3.01069252783 1.30899520907
 2.87979338528 1.30899805155
 2.74889352452 1.30899646267
 2.61799349643 1.3089960616
 2.48709428361 1.30899685686
 2.35619438675 1.30899664089
 2.22529473138 1.3089967261
 2.09439523201 1.30899670104
 1.96349500852 1.30899651178
 1.8325955965 1.30899701887
 1.70169584861 1.30899670471
 1.57079632679 1.30899702752
 1.43989680498 1.30899670471
 1.30899705709 1.30899701887
 1.17809764507 1.30899651178
 1.04719742158 1.30899670104
 0.91629792221 1.3089967261
 0.785398266842 1.30899664089
 0.654498369976 1.30899685686
 0.523599157164 1.3089960616
 0.392699129065 1.30899646267
 0.261799268313 1.30899805155
 0.130900125756 1.30899520907
 0.0 0.0
 3.14159265359 0.0
 3.01069316836 1.57079556066
 2.87979335432 1.57079594042
 2.74889415024 1.57079606548
 2.6179936761 1.57079612679
 2.48709431729 1.57079616253
 2.35619449019 1.57079618537
 2.22529466309 1.57079620075
 2.09439530429 1.57079621132
 1.96349483014 1.57079621856
 1.83259562607 1.57079622327
 1.70169581202 1.57079622593
 1.57079632679 1.57079622679
 1.43989684157 1.57079622593
 1.30899702752 1.57079622327
 1.17809782345 1.57079621856
 1.0471973493 1.57079621132
 0.916297990496 1.57079620075
 0.785398163397 1.57079618537
 0.654498336298 1.57079616253
 0.523598977491 1.57079612679
 0.392698503345 1.57079606548
 0.261799299274 1.57079594042
 0.13089948523 1.57079556066
 0.0 0.0
 3.14159265359 0.0
 3.01069252783 -1.30899520907
 2.87979338528 -1.30899805155
 2.74889352452 -1.30899646267
 2.61799349643 -1.3089960616
 2.48709428361 -1.30899685686
 2.35619438675 -1.30899664089
 2.22529473138 -1.3089967261
 2.09439523201 -1.30899670104
 1.96349500852 -1.30899651178
 1.8325955965 -1.30899701887
 1.70169584861 -1.30899670471
 1.57079632679 -1.30899702752
 1.43989680498 -1.30899670471
 1.30899705709 -1.30899701887
 1.17809764507 -1.30899651178
 1.04719742158 -1.30899670104
 0.91629792221 -1.3089967261
 0.785398266842 -1.30899664089
 0.654498369976 -1.30899685686
 0.523599157164 -1.3089960616
 0.392699129065 -1.30899646267
 0.261799268313 -1.30899805155
 0.130900125756 -1.30899520907
 0.0 0.0
 3.14159265359 0.0
 3.01069302399 -1.0471981953
 2.87979296978 -1.04719620855
 2.74889327887 -1.04719746546
 2.61799345252 -1.0471978493
 2.48709376912 -1.04719725809
 2.35619504982 -1.04719772149
 2.22529443297 -1.04719709856
 2.09439502787 -1.04719725309
 1.96349501243 -1.04719725351
 1.83259572787 -1.0471973161
 1.70169590756 -1.04719770732
 1.57079632679 -1.0471973493
 1.43989674603 -1.04719770732
 1.30899692572 -1.0471973161
 1.17809764116 -1.04719725351
 1.04719762572 -1.04719725309
 0.916298220624 -1.04719709856
 0.785397603769 -1.04719772149
 0.654498884467 -1.04719725809
 0.523599201071 -1.0471978493
 0.39269937472 -1.04719746546
 0.261799683815 -1.04719620855
 0.130899629602 -1.0471981953
 0.0 0.0
 3.14159265359 0.0
 3.01069291559 -0.785398163397
 2.87979290353 -0.785398163397
 2.74889381621 -0.785398163397
 2.61799415448 -0.785398163397
 2.48709435232 -0.785398163397
 2.35619464492 -0.785398163397
 2.22529404855 -0.785398163397
 2.09439541048 -0.785398163397
 1.96349527013 -0.785398163397
 1.83259556191 -0.785398163397
 1.70169590112 -0.785398163397
 1.57079632679 -0.785398163397
 1.43989675247 -0.785398163397
 1.30899709168 -0.785398163397
 1.17809738346 -0.785398163397
 1.04719724311 -0.785398163397
 0.916298605042 -0.785398163397
 0.785398008673 -0.785398163397
 0.654498301268 -0.785398163397
 0.523598499113 -0.785398163397
 0.392698837375 -0.785398163397
 0.261799750062 -0.785398163397
 0.130899738001 -0.785398163397
 0.0 0.0
 3.14159265359 0.0
 3.01069302399 -0.523598131491
 2.87979296978 -0.523600118248
 2.74889327887 -0.523598861337
 2.61799345252 -0.523598477491
 2.48709376912 -0.5235990687
 2.35619504982 -0.523598605305
 2.22529443297 -0.52359922823
 2.09439502787 -0.523599073706
 1.96349501243 -0.523599073282
 1.83259572787 -0.523599010697
 1.70169590756 -0.523598619477
 1.57079632679 -0.523598977491
 1.43989674603 -0.523598619477
 1.30899692572 -0.523599010697
 1.17809764116 -0.523599073282
 1.04719762572 -0.523599073706
 0.916298220624 -0.52359922823
 0.785397603769 -0.523598605305
 0.654498884467 -0.5235990687
 0.523599201071 -0.523598477491
 0.39269937472 -0.523598861337
 0.261799683815 -0.523600118248
 0.130899629602 -0.523598131491
 0.0 0.0
 3.14159265359 0.0
 3.01069252783 -0.26180111773
 2.87979338528 -0.261798275245
 2.74889352452 -0.261799864127
 2.61799349643 -0.261800265199
 2.48709428361 -0.261799469935
 2.35619438675 -0.261799685907
 2.22529473138 -0.261799600691
 2.09439523201 -0.261799625754
 1.96349500852 -0.26179981502
 1.8325955965 -0.261799307921
 1.70169584861 -0.261799622087
 1.57079632679 -0.261799299274
 1.43989680498 -0.261799622087
 1.30899705709 -0.261799307921
 1.17809764507 -0.26179981502
 1.04719742158 -0.261799625754
 0.91629792221 -0.261799600691
 0.785398266842 -0.261799685907
 0.654498369976 -0.261799469935
 0.523599157164 -0.261800265199
 0.392699129065 -0.261799864127
 0.261799268313 -0.261798275245
 0.130900125756 -0.26180111773
 0.0 0.0
 3.14159265359 0.0
 3.01069316836 -0.0
 2.87979335432 -0.0
 2.74889415024 -0.0
 2.6179936761 -0.0
 2.48709431729 -0.0
 2.35619449019 -0.0
 2.22529466309 -0.0
 2.09439530429 -0.0
 1.96349483014 -0.0
 1.83259562607 -0.0
 1.70169581202 -0.0
 1.57079632679 -0.0
 1.43989684157 -0.0
 1.30899702752 -0.0
 1.17809782345 -0.0
 1.0471973493 -0.0
 0.916297990496 -0.0
 0.785398163397 -0.0
 0.654498336298 -0.0
 0.523598977491 -0.0
 0.392698503345 -0.0
 0.261799299274 -0.0
 0.13089948523 -0.0
 0.0 0.0
