 3.14159265359 0.0
 2.97624521775 -0.0
 2.81089905536 -0.0
 2.64555217236 -0.0
 2.48020480112 -0.0
 2.31485799942 -0.0
 2.14951089219 -0.0
 1.98416352354 -0.0
 1.8188163925 -0.0
 1.6534695141 -0.0
 1.48812313949 -0.0
 1.32277626109 -0.0
 1.15742913005 -0.0
 0.992081761397 -0.0
 0.826734654174 -0.0
 0.661387852465 -0.0
 0.496040481225 -0.0
 0.330693598234 -0.0
 0.165347435838 -0.0
 0.0 0.0
 3.14159265359 0.0
 2.97624592463 0.330696041965
 2.81089885213 0.330695061792
 2.64555199675 0.330694400926
 2.48020489084 0.330694655242
 2.31485832633 0.330693912446
 2.14951079692 0.330694705639
 1.98416348376 0.330693918314
 1.81881642018 0.330694368363
 1.6534694697 0.330693464494
 1.48812318389 0.330693464494
 1.3227762334 0.330694368363
 1.15742916983 0.330693918314
 0.992081856674 0.330694705639
 0.826734327256 0.330693912446
 0.661387762751 0.330694655242
 0.496040656837 0.330694400926
 0.33069380146 0.330695061792
 0.165346728963 0.330696041965
 0.0 0.0
 3.14159265359 0.0
 2.97624587774 0.6613884624
 2.81089797557 0.661388103444
 2.64555204948 0.661388502738
 2.48020523495 0.66138773058
 2.31485780619 0.661387566979
 2.14951072108 0.661387636465
 1.98416324432 0.661388140874
 1.81881632605 0.66138796638
 1.65346947921 0.661388153924
 1.48812317438 0.661388153924
 1.32277632754 0.66138796638
 1.15742940927 0.661388140874
 0.992081932509 0.661387636465
 0.826734847403 0.661387566979
 0.661387418639 0.66138773058
 0.496040604108 0.661388502738
 0.330694678017 0.661388103444
 0.16534677585 0.6613884624
 0.0 0.0
 3.14159265359 0.0
 2.97624552503 0.992080161187
 2.81089810893 0.992082138176
 2.64555175959 0.992080865924
 2.48020501114 0.992080963898
 2.31485822396 0.992081412225
 2.14951039817 0.992081741881
 1.98416319946 0.992081625658
 1.81881636916 0.992081393396
 1.65346948478 0.992081863502
 1.48812316881 0.992081863502
 1.32277628443 0.992081393396
 1.15742945413 0.992081625658
 0.99208225542 0.992081741881
 0.82673442963 0.992081412225
 0.661387642454 0.992080963898
 0.496040893996 0.992080865924
 0.330694544663 0.992082138176
 0.165347128561 0.992080161187
 0.0 0.0
 3.14159265359 0.0
 2.97624555881 1.32277334016
 2.81089838571 1.3227760638
 2.64555146382 1.32277645868
 2.4802050621 1.32277635183
 2.3148579541 1.32277526661
 2.14951087586 1.3227759905
 1.98416336192 1.32277594402
 1.81881627932 1.32277558216
 1.65346949581 1.32277581594
 1.48812315778 1.32277581594
 1.32277637427 1.32277558216
 1.15742929167 1.32277594402
 0.992081777727 1.3227759905
 0.826734699486 1.32277526661
 0.661387591493 1.32277635183
 0.49604118977 1.32277645868
 0.330694267875 1.3227760638
 0.16534709478 1.32277334016
 0.0 0.0
 3.14159265359 0.0
 2.97624604036 -1.48812331447
 2.81089907798 -1.48812416142
 2.64555167466 -1.48812376033
 2.48020494008 -1.48812331455
 2.31485806483 -1.48812228817
 2.14951068627 -1.48812241811
 1.98416358981 -1.4881227497
 1.8188164028 -1.48812326448
 1.65346944674 -1.48812315991
 1.48812320685 -1.48812315991
 1.32277625079 -1.48812326448
 1.15742906378 -1.4881227497
 0.992081967322 -1.48812241811
 0.826734588759 -1.48812228817
 0.661387713512 -1.48812331455
 0.496040978926 -1.48812376033
 0.330693575612 -1.48812416142
 0.165346613232 -1.48812331447
 0.0 0.0
 3.14159265359 0.0
 2.97624588286 -1.15742746294
 2.81089882014 -1.15742955368
 2.64555172945 -1.15742872227
 2.48020489099 -1.15742977217
 2.31485824717 -1.15742860175
 2.14951048345 -1.15742894029
 1.98416330633 -1.15742892166
 1.8188162718 -1.15742858193
 1.65346952523 -1.15742906843
 1.48812312836 -1.15742906843
 1.32277638179 -1.15742858193
 1.15742934726 -1.15742892166
 0.992082170143 -1.15742894029
 0.826734406417 -1.15742860175
 0.661387762598 -1.15742977217
 0.49604092414 -1.15742872227
 0.330693833451 -1.15742955368
 0.165346770726 -1.15742746294
 0.0 0.0
 3.14159265359 0.0
 2.97624567104 -0.826733662185
 2.81089870393 -0.826734493059
 2.64555198458 -0.826735699272
 2.48020498965 -0.826734873775
 2.31485800992 -0.82673545661
 2.14951094825 -0.826734965292
 1.98416359906 -0.826734982124
 1.81881630833 -0.826734891675
 1.65346949328 -0.826735111405
 1.48812316031 -0.826735111405
 1.32277634526 -0.826734891675
 1.15742905453 -0.826734982124
 0.992081705335 -0.826734965292
 0.826734643674 -0.82673545661
 0.661387663944 -0.826734873775
 0.496040669009 -0.826735699272
 0.33069394966 -0.826734493059
 0.165346982552 -0.826733662185
 0.0 0.0
 3.14159265359 0.0
 2.97624546564 -0.496037895074
 2.81089826855 -0.496040810468
 2.64555197857 -0.496041330527
 2.48020497626 -0.496040999928
 2.31485794148 -0.496041006332
 2.14951065601 -0.496040699791
 1.98416323815 -0.496040808584
 1.81881629129 -0.496041415619
 1.6534694581 -0.496041082818
 1.48812319549 -0.496041082818
 1.3227763623 -0.496041415619
 1.15742941544 -0.496040808584
 0.99208199758 -0.496040699791
 0.826734712114 -0.496041006332
 0.661387677331 -0.496040999928
 0.496040675023 -0.496041330527
 0.330694385044 -0.496040810468
 0.165347187945 -0.496037895074
 0.0 0.0
 3.14159265359 0.0
 2.97624542523 -0.165344444254
 2.81089856894 -0.165347657701
 2.6455519586 -0.1653462544
 2.48020476853 -0.165346744279
 2.31485780926 -0.165346655798
 2.1495104315 -0.165346820211
 1.98416356194 -0.165346687296
 1.81881630698 -0.165346926175
 1.65346950995 -0.165346632405
 1.48812314364 -0.165346632405
 1.32277634661 -0.165346926175
 1.15742909165 -0.165346687296
 0.992082222093 -0.165346820211
 0.826734844335 -0.165346655798
 0.661387885062 -0.165346744279
 0.496040694993 -0.1653462544
 0.330694084654 -0.165347657701
 0.16534722836 -0.165344444254
 0.0 0.0
 3.14159265359 0.0
 2.97624542523 0.165344444254
 2.81089856894 0.165347657701
 2.6455519586 0.1653462544
 2.48020476853 0.165346744279
 2.31485780926 0.165346655798
 2.1495104315 0.165346820211
 1.98416356194 0.165346687296
 1.81881630698 0.165346926175
 1.65346950995 0.165346632405
 1.48812314364 0.165346632405
 1.32277634661 0.165346926175
 1.15742909165 0.165346687296
 0.992082222093 0.165346820211
 0.826734844335 0.165346655798
 0.661387885062 0.165346744279
 0.496040694993 0.1653462544
 0.330694084654 0.165347657701
 0.16534722836 0.165344444254
 0.0 0.0
 3.14159265359 0.0
 2.97624546564 0.496037895074
 2.81089826855 0.496040810468
 2.64555197857 0.496041330527
 2.48020497626 0.496040999928
 2.31485794148 0.496041006332
 2.14951065601 0.496040699791
 1.98416323815 0.496040808584
 1.81881629129 0.496041415619
 1.6534694581 0.496041082818
 1.48812319549 0.496041082818
 1.3227763623 0.496041415619
 1.15742941544 0.496040808584
 0.99208199758 0.496040699791
 0.826734712114 0.496041006332
 0.661387677331 0.496040999928
 0.496040675023 0.496041330527
 0.330694385044 0.496040810468
 0.165347187945 0.496037895074
 0.0 0.0
 3.14159265359 0.0
 2.97624567104 0.826733662185
 2.81089870393 0.826734493059
 2.64555198458 0.826735699272
 2.48020498965 0.826734873775
 2.31485800992 0.82673545661
 2.14951094825 0.826734965292
 1.98416359906 0.826734982124
 1.81881630833 0.826734891675
 1.65346949328 0.826735111405
 1.48812316031 0.826735111405
 1.32277634526 0.826734891675
 1.15742905453 0.826734982124
 0.992081705335 0.826734965292
 0.826734643674 0.82673545661
 0.661387663944 0.826734873775
 0.496040669009 0.826735699272
 0.33069394966 0.826734493059
 0.165346982552 0.826733662185
 0.0 0.0
 3.14159265359 0.0
 2.97624588286 1.15742746294
 2.81089882014 1.15742955368
 2.64555172945 1.15742872227
 2.48020489099 1.15742977217
 2.31485824717 1.15742860175
 2.14951048345 1.15742894029
 1.98416330633 1.15742892166
 1.8188162718 1.15742858193
 1.65346952523 1.15742906843
 1.48812312836 1.15742906843
 1.32277638179 1.15742858193
 1.15742934726 1.15742892166
 0.992082170143 1.15742894029
 0.826734406417 1.15742860175
 0.661387762598 1.15742977217
 0.49604092414 1.15742872227
 0.330693833451 1.15742955368
 0.165346770726 1.15742746294
 0.0 0.0
 3.14159265359 0.0
 2.97624604036 1.48812331447
 2.81089907798 1.48812416142
 2.64555167466 1.48812376033
 2.48020494008 1.48812331455
 2.31485806483 1.48812228817
 2.14951068627 1.48812241811
 1.98416358981 1.4881227497
 1.8188164028 1.48812326448
 1.65346944674 1.48812315991
 1.48812320685 1.48812315991
 1.32277625079 1.48812326448
 1.15742906378 1.4881227497
 0.992081967322 1.48812241811
 0.826734588759 1.48812228817
 0.661387713512 1.48812331455
 0.496040978926 1.48812376033
 0.330693575612 1.48812416142
 0.165346613232 1.48812331447
 0.0 0.0
 3.14159265359 0.0
 2.97624555881 -1.32277334016
 2.81089838571 -1.3227760638
 2.64555146382 -1.32277645868
 2.4802050621 -1.32277635183
 2.3148579541 -1.32277526661
 2.14951087586 -1.3227759905
 1.98416336192 -1.32277594402
 1.81881627932 -1.32277558216
 1.65346949581 -1.32277581594
 1.48812315778 -1.32277581594
 1.32277637427 -1.32277558216
 1.15742929167 -1.32277594402
 0.992081777727 -1.3227759905
 0.826734699486 -1.32277526661
 0.661387591493 -1.32277635183
 0.49604118977 -1.32277645868
 0.330694267875 -1.3227760638
 0.16534709478 -1.32277334016
 0.0 0.0
 3.14159265359 0.0
 2.97624552503 -0.992080161187
 2.81089810893 -0.992082138176
 2.64555175959 -0.992080865924
 2.48020501114 -0.992080963898
 2.31485822396 -0.992081412225
 2.14951039817 -0.992081741881
 1.98416319946 -0.992081625658
 1.81881636916 -0.992081393396
 1.65346948478 -0.992081863502
 1.48812316881 -0.992081863502
 1.32277628443 -0.992081393396
 1.15742945413 -0.992081625658
 0.99208225542 -0.992081741881
 0.82673442963 -0.992081412225
 0.661387642454 -0.992080963898
 0.496040893996 -0.992080865924
 0.330694544663 -0.992082138176
 0.165347128561 -0.992080161187
 0.0 0.0
 3.14159265359 0.0
 2.97624587774 -0.6613884624
 2.81089797557 -0.661388103444
 2.64555204948 -0.661388502738
 2.48020523495 -0.66138773058
 2.31485780619 -0.661387566979
 2.14951072108 -0.661387636465
 1.98416324432 -0.661388140874
 1.81881632605 -0.66138796638
 1.65346947921 -0.661388153924
 1.48812317438 -0.661388153924
 1.32277632754 -0.66138796638
 1.15742940927 -0.661388140874
 0.992081932509 -0.661387636465
 0.826734847403 -0.661387566979
 0.661387418639 -0.66138773058
 0.496040604108 -0.661388502738
 0.330694678017 -0.661388103444
 0.16534677585 -0.6613884624
 0.0 0.0
 3.14159265359 0.0
 2.97624592463 -0.330696041965
 2.81089885213 -0.330695061792
 2.64555199675 -0.330694400926
 2.48020489084 -0.330694655242
 2.31485832633 -0.330693912446
 2.14951079692 -0.330694705639
 1.98416348376 -0.330693918314
 1.81881642018 -0.330694368363
 1.6534694697 -0.330693464494
 1.48812318389 -0.330693464494
 1.3227762334 -0.330694368363
 1.15742916983 -0.330693918314
 0.992081856674 -0.330694705639
 0.826734327256 -0.330693912446
 0.661387762751 -0.330694655242
 0.496040656837 -0.330694400926
 0.33069380146 -0.330695061792
 0.165346728963 -0.330696041965
 0.0 0.0
 3.14159265359 0.0
 2.97624521775 -0.0
 2.81089905536 -0.0
 2.64555217236 -0.0
 2.48020480112 -0.0
 2.31485799942 -0.0
 2.14951089219 -0.0
 1.98416352354 -0.0
 1.8188163925 -0.0
 1.6534695141 -0.0
 1.48812313949 -0.0
 1.32277626109 -0.0
 1.15742913005 -0.0
 0.992081761397 -0.0
 0.826734654174 -0.0
 0.661387852465 -0.0
 0.496040481225 -0.0
 0.330693598234 -0.0
 0.165347435838 -0.0
 0.0 0.0
