 3.14159265359 0.0
 3.07747871217 -0.0
 3.0133645406 -0.0
 2.94924985177 -0.0
 2.8851357427 -0.0
 2.82102226129 -0.0
 2.75690793445 -0.0
 2.69279352535 -0.0
 2.62867932213 -0.0
 2.56456529149 -0.0
 2.50045114561 -0.0
 2.43633748792 -0.0
 2.37222245776 -0.0
 2.30810896762 -0.0
 2.24399520829 -0.0
 2.17988104119 -0.0
 2.11576672729 -0.0
 2.05165222958 -0.0
 1.98753774306 -0.0
 1.92342416832 -0.0
 1.85931029231 -0.0
 1.7951958469 -0.0
 1.73108173532 -0.0
 1.66696751553 -0.0
 1.60285382383 -0.0
 1.53873882976 -0.0
 1.47462513806 -0.0
 1.41051091827 -0.0
 1.34639680669 -0.0
 1.28228236128 -0.0
 1.21816848527 -0.0
 1.15405491053 -0.0
 1.08994042401 -0.0
 1.0258259263 -0.0
 0.961711612396 -0.0
 0.897597445299 -0.0
 0.833483685967 -0.0
 0.769370195831 -0.0
 0.705255165671 -0.0
 0.641141507981 -0.0
 0.577027362104 -0.0
 0.512913331456 -0.0
 0.448799128245 -0.0
 0.384684719142 -0.0
 0.320570392302 -0.0
 0.256456910892 -0.0
 0.192342801824 -0.0
 0.128228112986 -0.0
 0.0641139414223 -0.0
 0.0 0.0
 3.14159265359 0.0
 3.07747870995 0.128226854706
 3.0133646127 0.128231910317
 2.94925040718 0.128229337086
 2.88513617909 0.128229767149
 2.82102224502 0.128227891262
 2.75690800182 0.128228084734
 2.69279334626 0.128228550812
 2.62867946356 0.128229084679
 2.56456547889 0.128227460558
 2.50045152956 0.128228818123
 2.43633748787 0.128228960987
 2.37222277693 0.128228401067
 2.3081091561 0.128228797796
 2.24399472642 0.128227719575
 2.17988071987 0.128227854488
 2.11576689247 0.128228013442
 2.05165223142 0.128228540913
 1.98753804472 0.128227782276
 1.92342387451 0.128228558479
 1.85931038143 0.128228584172
 1.79519581553 0.128228226576
 1.73108177546 0.128228271509
 1.66696751394 0.12822802498
 1.60285383303 0.128227871992
 1.53873882056 0.128227871992
 1.47462513965 0.12822802498
 1.41051087813 0.128228271509
 1.34639683806 0.128228226576
 1.28228227216 0.128228584172
 1.21816877908 0.128228558479
 1.15405460887 0.128227782276
 1.08994042217 0.128228540913
 1.02582576112 0.128228013442
 0.961711933725 0.128227854488
 0.897597927169 0.128227719575
 0.833483497494 0.128228797796
 0.769369876658 0.128228401067
 0.705255165723 0.128228960987
 0.641141124033 0.128228818123
 0.577027174704 0.128227460558
 0.51291319003 0.128229084679
 0.448799307328 0.128228550812
 0.384684651774 0.128228084734
 0.320570408569 0.128227891262
 0.256456474498 0.128229767149
 0.192342246407 0.128229337086
 0.128228040892 0.128231910317
 0.0641139436419 0.128226854706
 0.0 0.0
 3.14159265359 0.0
 3.07747821975 0.256460184082
 3.01336421151 0.256459199725
 2.94925005327 0.256454896206
 2.88513584921 0.256457661715
 2.82102156527 0.256457282477
 2.756907838 0.256455933961
 2.69279324353 0.256457151151
 2.62867929393 0.256456799504
 2.56456555253 0.2564558336
 2.50045180789 0.256455873859
 2.43633720466 0.256456386894
 2.3722229024 0.25645650616
 2.30810902128 0.256456699809
 2.24399467426 0.256456233399
 2.17988118729 0.256456136493
 2.11576693579 0.256456736792
 2.05165206501 0.256456554005
 1.98753774716 0.256456490611
 1.92342390089 0.256456646189
 1.85931050462 0.256456172867
 1.79519581133 0.256456546619
 1.73108175697 0.256456328431
 1.66696752579 0.256456107996
 1.60285381538 0.256456261448
 1.53873883821 0.256456261448
 1.4746251278 0.256456107996
 1.41051089662 0.256456328431
 1.34639684226 0.256456546619
 1.28228214897 0.256456172867
 1.2181687527 0.256456646189
 1.15405490643 0.256456490611
 1.08994058858 0.256456554005
 1.0258257178 0.256456736792
 0.961711466299 0.256456136493
 0.89759797933 0.256456233399
 0.833483632308 0.256456699809
 0.769369751191 0.25645650616
 0.705255448926 0.256456386894
 0.641140845697 0.256455873859
 0.577027101056 0.2564558336
 0.512913359658 0.256456799504
 0.448799410058 0.256457151151
 0.384684815586 0.256455933961
 0.320571088317 0.256457282477
 0.256456804377 0.256457661715
 0.192342600315 0.256454896206
 0.128228442084 0.256459199725
 0.0641144338437 0.256460184082
 0.0 0.0
 3.14159265359 0.0
 3.07747843575 0.384677053109
 3.01336485481 0.384685659259
 2.94925016561 0.384687380366
 2.88513593335 0.384683631669
 2.82102203077 0.384685751032
 2.75690827949 0.384684287391
 2.69279393597 0.384684371851
 2.62868000726 0.384684860837
 2.5645657955 0.384684696416
 2.50045132363 0.384684381469
 2.43633694146 0.384685065448
 2.37222257774 0.384685104604
 2.30810899628 0.384684972347
 2.24399463231 0.384685195077
 2.17988102221 0.384685469291
 2.11576689899 0.384685031648
 2.05165206339 0.384684223224
 1.98753802223 0.384685087363
 1.92342408701 0.38468462633
 1.85931045683 0.384684531087
 1.79519589354 0.384684558133
 1.73108180492 0.384685176732
 1.66696746506 0.3846847136
 1.60285380511 0.384684451116
 1.53873884848 0.384684451116
 1.47462518853 0.3846847136
 1.41051084867 0.384685176732
 1.34639676005 0.384684558133
 1.28228219676 0.384684531087
 1.21816856658 0.38468462633
 1.15405463136 0.384685087363
 1.0899405902 0.384684223224
 1.0258257546 0.384685031648
 0.961711631381 0.384685469291
 0.897598021275 0.384685195077
 0.833483657313 0.384684972347
 0.769370075845 0.384685104604
 0.705255712129 0.384685065448
 0.641141329962 0.384684381469
 0.577026858086 0.384684696416
 0.512912646333 0.384684860837
 0.448798717617 0.384684371851
 0.384684374102 0.384684287391
 0.320570622824 0.384685751032
 0.256456720235 0.384683631669
 0.192342487984 0.384687380366
 0.128227798782 0.384685659259
 0.0641142178389 0.384677053109
 0.0 0.0
 3.14159265359 0.0
 3.07747831517 0.512904689278
 3.0133639649 0.512915121386
 2.94925024113 0.512913795547
 2.88513601555 0.512913890621
 2.82102185533 0.512912225713
 2.75690810767 0.51291304996
 2.69279393593 0.512912370249
 2.62867988062 0.51291397235
 2.56456501679 0.512913590002
 2.50045157859 0.512912509446
 2.43633689118 0.512912658069
 2.37222278979 0.512913693543
 2.30810914184 0.512912650967
 2.24399525352 0.512912853181
 2.17988108573 0.51291342513
 2.1157666867 0.512913464778
 2.05165187399 0.512912998083
 1.98753789712 0.512912682003
 1.92342403702 0.512913201081
 1.85931041132 0.512913075658
 1.79519587795 0.512912835473
 1.73108179678 0.512912684678
 1.66696754148 0.51291330121
 1.60285382462 0.512912729103
 1.53873882897 0.512912729103
 1.47462511211 0.51291330121
 1.41051085681 0.512912684678
 1.34639677564 0.512912835473
 1.28228224227 0.512913075658
 1.21816861657 0.512913201081
 1.15405475647 0.512912682003
 1.0899407796 0.512912998083
 1.02582596689 0.512913464778
 0.961711567859 0.51291342513
 0.897597400073 0.512912853181
 0.833483511747 0.512912650967
 0.769369863798 0.512913693543
 0.705255762409 0.512912658069
 0.641141074999 0.512912509446
 0.577027636801 0.512913590002
 0.51291277297 0.51291397235
 0.448798717655 0.512912370249
 0.38468454592 0.51291304996
 0.320570798264 0.512912225713
 0.256456638041 0.512913890621
 0.192342412464 0.512913795547
 0.128228688694 0.512915121386
 0.0641143384188 0.512904689278
 0.0 0.0
 3.14159265359 0.0
 3.07747833406 0.641138080143
 3.01336458551 0.6411457174
 2.94925031111 0.641141808303
 2.88513660669 0.641140411528
 2.82102180912 0.641142553741
 2.75690807814 0.641141185891
 2.69279423858 0.641141024487
 2.62867969917 0.641140481921
 2.56456552694 0.641141220137
 2.50045157376 0.641141007455
 2.43633733171 0.641141135241
 2.37222307815 0.641141695726
 2.30810892635 0.641141182554
 2.24399497414 0.641142030137
 2.17988087952 0.641141846189
 2.11576684102 0.641141500646
 2.05165210491 0.641140852007
 1.98753776494 0.641141341237
 1.92342409507 0.64114172994
 1.85931050027 0.641141372342
 1.79519573242 0.641141343845
 1.73108174357 0.641141460538
 1.66696751839 0.641141804198
 1.60285381795 0.641141093989
 1.53873883564 0.641141093989
 1.4746251352 0.641141804198
 1.41051091002 0.641141460538
 1.34639692117 0.641141343845
 1.28228215332 0.641141372342
 1.21816855852 0.64114172994
 1.15405488865 0.641141341237
 1.08994054868 0.641140852007
 1.02582581257 0.641141500646
 0.961711774069 0.641141846189
 0.897597679446 0.641142030137
 0.833483727244 0.641141182554
 0.769369575444 0.641141695726
 0.705255321878 0.641141135241
 0.641141079835 0.641141007455
 0.577027126653 0.641141220137
 0.512912954415 0.641140481921
 0.448798415005 0.641141024487
 0.384684575447 0.641141185891
 0.32057084447 0.641142553741
 0.256456046897 0.641140411528
 0.192342342477 0.641141808303
 0.12822806808 0.6411457174
 0.0641143195254 0.641138080143
 0.0 0.0
 3.14159265359 0.0
 3.07747802641 0.769372691543
 3.01336465727 0.769372724498
 2.94924979868 0.769369496084
 2.88513591676 0.769368355172
 2.82102209756 0.769368493308
 2.75690761393 0.769369836152
 2.69279404347 0.769369219682
 2.62867926444 0.769369641001
 2.56456522361 0.769369025743
 2.50045173396 0.769369919693
 2.4363375283 0.769369905358
 2.37222294192 0.769369519455
 2.30810930183 0.769369363614
 2.24399476072 0.769370192786
 2.17988079157 0.769370219375
 2.11576690591 0.769369916508
 2.05165199247 0.769369927281
 1.98753778584 0.769369485392
 1.92342409283 0.76936968291
 1.85931052026 0.769369568354
 1.79519589171 0.769369261632
 1.73108183054 0.769369803484
 1.66696749246 0.769369673258
 1.60285382588 0.769369733679
 1.53873882771 0.769369733679
 1.47462516113 0.769369673258
 1.41051082305 0.769369803484
 1.34639676188 0.769369261632
 1.28228213333 0.769369568354
 1.21816856076 0.76936968291
 1.15405486775 0.769369485392
 1.08994066112 0.769369927281
 1.02582574768 0.769369916508
 0.961711862022 0.769370219375
 0.89759789287 0.769370192786
 0.833483351761 0.769369363614
 0.769369711672 0.769369519455
 0.705255125294 0.769369905358
 0.641140919633 0.769369919693
 0.577027429977 0.769369025743
 0.512913389146 0.769369641001
 0.44879861012 0.769369219682
 0.384685039663 0.769369836152
 0.320570556033 0.769368493308
 0.256456736833 0.769368355172
 0.192342854908 0.769369496084
 0.128227996319 0.769372724498
 0.0641146271773 0.769372691543
 0.0 0.0
 3.14159265359 0.0
 3.07747866253 0.897598352478
 3.01336474902 0.897596644449
 2.94925036766 0.897600305361
 2.88513627848 0.897597701036
 2.82102156033 0.897598245984
 2.75690769714 0.897598947735
 2.69279378574 0.897598104411
 2.62868021767 0.89759797341
 2.56456584435 0.897598130233
 2.50045120616 0.897598033123
 2.43633730765 0.897597299001
 2.37222250001 0.89759830395
 2.30810869091 0.897597970417
 2.24399511804 0.897597484714
 2.1798811276 0.897597563568
 2.11576659406 0.89759805041
 2.0516520704 0.897597395247
 1.98753774783 0.897598142788
 1.92342417075 0.897598204925
 1.85931020364 0.897597788493
 1.7951958707 0.897597374742
 1.73108172214 0.897597850555
 1.66696746782 0.897597856429
 1.60285382089 0.897598394047
 1.5387388327 0.897598394047
 1.47462518577 0.897597856429
 1.41051093145 0.897597850555
 1.34639678289 0.897597374742
 1.28228244994 0.897597788493
 1.21816848284 0.897598204925
 1.15405490576 0.897598142788
 1.08994058319 0.897597395247
 1.02582605953 0.89759805041
 0.961711525994 0.897597563568
 0.897597535547 0.897597484714
 0.833483962679 0.897597970417
 0.769370153578 0.89759830395
 0.705255345944 0.897597299001
 0.64114144743 0.897598033123
 0.577026809244 0.897598130233
 0.512912435921 0.89759797341
 0.448798867853 0.897598104411
 0.384684956452 0.897598947735
 0.320571093261 0.897598245984
 0.256456375106 0.897597701036
 0.192342285932 0.897600305361
 0.128227904567 0.897596644449
 0.0641139910548 0.897598352478
 0.0 0.0
 3.14159265359 0.0
 3.07747840519 1.0258183483
 3.01336435384 1.02582236911
 2.94925025544 1.02582734574
 2.88513587246 1.02582523845
 2.82102153964 1.02582631953
 2.75690764218 1.02582551007
 2.69279345504 1.02582693146
 2.62867953708 1.02582721268
 2.56456563755 1.02582633487
 2.50045147006 1.02582634379
 2.4363369846 1.02582602906
 2.37222259316 1.02582583539
 2.30810904818 1.02582546422
 2.24399453955 1.02582607701
 2.17988113531 1.02582615016
 2.11576682128 1.02582573781
 2.05165219802 1.02582665804
 1.98753795106 1.02582570862
 1.9234241741 1.02582595842
 1.85931034696 1.02582649842
 1.79519582487 1.02582674974
 1.73108179391 1.02582572489
 1.66696753151 1.02582616088
 1.60285383175 1.02582615668
 1.53873882184 1.02582615668
 1.47462512208 1.02582616088
 1.41051085968 1.02582572489
 1.34639682872 1.02582674974
 1.28228230663 1.02582649842
 1.21816847949 1.02582595842
 1.15405470253 1.02582570862
 1.08994045557 1.02582665804
 1.02582583231 1.02582573781
 0.961711518279 1.02582615016
 0.897598114035 1.02582607701
 0.833483605408 1.02582546422
 0.769370060431 1.02582583539
 0.705255668993 1.02582602906
 0.641141183533 1.02582634379
 0.577027016041 1.02582633487
 0.512913116509 1.02582721268
 0.448799198553 1.02582693146
 0.384685011415 1.02582551007
 0.320571113946 1.02582631953
 0.25645678113 1.02582523845
 0.192342398148 1.02582734574
 0.128228299749 1.02582236911
 0.0641142483986 1.0258183483
 0.0 0.0
 3.14159265359 0.0
 3.07747796536 1.15405054763
 3.01336464273 1.154049637
 2.9492500253 1.15405391513
 2.88513616289 1.15405506097
 2.82102182569 1.15405324848
 2.75690777079 1.15405415944
 2.69279353657 1.15405447191
 2.62868007325 1.15405471969
 2.56456552389 1.15405518357
 2.50045144769 1.15405484197
 2.43633736271 1.15405438261
 2.37222263402 1.1540541159
 2.30810874502 1.15405494306
 2.24399475728 1.15405508585
 2.17988083923 1.15405458683
 2.11576691471 1.15405379969
 2.05165184851 1.1540542477
 1.98753806018 1.15405424567
 1.92342419371 1.15405465939
 1.85931030499 1.15405423877
 1.79519590781 1.15405388818
 1.73108182388 1.15405400727
 1.66696752002 1.15405424681
 1.60285381623 1.1540548604
 1.53873883736 1.1540548604
 1.47462513357 1.15405424681
 1.41051082971 1.15405400727
 1.34639674578 1.15405388818
 1.2822823486 1.15405423877
 1.21816845987 1.15405465939
 1.15405459341 1.15405424567
 1.08994080508 1.1540542477
 1.02582573888 1.15405379969
 0.961711814358 1.15405458683
 0.897597896315 1.15405508585
 0.83348390857 1.15405494306
 0.769370019566 1.1540541159
 0.70525529088 1.15405438261
 0.641141205902 1.15405484197
 0.577027129698 1.15405518357
 0.512912580338 1.15405471969
 0.448799117017 1.15405447191
 0.384684882801 1.15405415944
 0.320570827902 1.15405324848
 0.256456490699 1.15405506097
 0.192342628287 1.15405391513
 0.128228010857 1.154049637
 0.064114688234 1.15405054763
 0.0 0.0
 3.14159265359 0.0
 3.07747847788 1.28227863375
 3.0133639994 1.28228018261
 2.94924984308 1.28228277823
 2.8851365293 1.28228112678
 2.82102215732 1.28228255003
 2.75690824898 1.28228192995
 2.69279407215 1.28228222222
 2.62867975198 1.28228200979
 2.56456512684 1.28228235794
 2.50045176931 1.28228246799
 2.43633695531 1.28228263118
 2.37222309787 1.28228234317
 2.30810869455 1.28228219206
 2.24399466683 1.28228236176
 2.17988071195 1.28228236412
 2.11576674557 1.28228242785
 2.05165219516 1.28228259216
 1.98753784613 1.28228231834
 1.92342387468 1.28228302372
 1.85931038491 1.28228315079
 1.79519586955 1.28228258951
 1.73108185779 1.28228302608
 1.66696749574 1.28228255154
 1.60285382993 1.28228301351
 1.53873882366 1.28228301351
 1.47462515785 1.28228255154
 1.4105107958 1.28228302608
 1.34639678404 1.28228258951
 1.28228226868 1.28228315079
 1.2181687789 1.28228302372
 1.15405480746 1.28228231834
 1.08994045843 1.28228259216
 1.02582590802 1.28228242785
 0.961711941639 1.28228236412
 0.897597986758 1.28228236176
 0.833483959044 1.28228219206
 0.769369555721 1.28228234317
 0.70525569828 1.28228263118
 0.641140884281 1.28228246799
 0.577027526749 1.28228235794
 0.51291290161 1.28228200979
 0.448798581443 1.28228222222
 0.384684404614 1.28228192995
 0.320570496272 1.28228255003
 0.256456124293 1.28228112678
 0.19234281051 1.28228277823
 0.128228654185 1.28228018261
 0.0641141757141 1.28227863375
 0.0 0.0
 3.14159265359 0.0
 3.0774783837 1.41050494465
 3.01336441342 1.41051238344
 2.94925050629 1.41051019197
 2.88513635919 1.4105118246
 2.82102217729 1.41051168765
 2.75690763927 1.41050997408
 2.69279384125 1.41051048512
 2.62868014608 1.41051179316
 2.56456551269 1.41051151953
 2.50045142794 1.41051165901
 2.4363374072 1.41051120247
 2.37222286475 1.41051075923
 2.30810896983 1.41051138494
 2.24399480479 1.41051130971
 2.17988099414 1.41051145448
 2.11576700806 1.41051056869
 2.05165195532 1.41051121809
 1.9875380993 1.41051107413
 1.92342402432 1.41051148475
 1.85931047106 1.41051121123
 1.79519589686 1.41051137242
 1.73108175273 1.41051111679
 1.66696752297 1.41051136545
 1.60285380325 1.41051095001
 1.53873885034 1.41051095001
 1.47462513062 1.41051136545
 1.41051090086 1.41051111679
 1.34639675673 1.41051137242
 1.28228218253 1.41051121123
 1.21816862927 1.41051148475
 1.15405455429 1.41051107413
 1.08994069827 1.41051121809
 1.02582564553 1.41051056869
 0.961711659445 1.41051145448
 0.897597848796 1.41051130971
 0.833483683761 1.41051138494
 0.769369788838 1.41051075923
 0.705255246385 1.41051120247
 0.641141225649 1.41051165901
 0.577027140903 1.41051151953
 0.512912507514 1.41051179316
 0.448798812335 1.41051048512
 0.384685014321 1.41050997408
 0.320570476299 1.41051168765
 0.256456294399 1.4105118246
 0.192342147303 1.41051019197
 0.128228240165 1.41051238344
 0.0641142698932 1.41050494465
 0.0 0.0
 3.14159265359 0.0
 3.07747877926 1.53873211335
 3.01336482605 1.5387365233
 2.94925062083 1.53873885277
 2.88513639775 1.53873934254
 2.82102234976 1.53873832388
 2.75690811109 1.5387389743
 2.69279358545 1.53873848536
 2.62868009391 1.53873978422
 2.56456505795 1.5387397473
 2.50045171682 1.53873989166
 2.436337444 1.53873884506
 2.3722228605 1.53873885574
 2.30810873892 1.53873937871
 2.24399477533 1.5387391811
 2.17988081401 1.53873903836
 2.11576705432 1.53873886342
 2.05165198756 1.53873916117
 1.98753782461 1.53873966674
 1.92342411396 1.5387396693
 1.8593104192 1.53873905797
 1.79519586851 1.53873923561
 1.73108170239 1.53873900255
 1.66696747766 1.53873974125
 1.60285380729 1.53873937863
 1.5387388463 1.53873937863
 1.47462517593 1.53873974125
 1.4105109512 1.53873900255
 1.34639678508 1.53873923561
 1.28228223439 1.53873905797
 1.21816853963 1.5387396693
 1.15405482898 1.53873966674
 1.08994066603 1.53873916117
 1.02582559927 1.53873886342
 0.961711839576 1.53873903836
 0.897597878255 1.5387391811
 0.833483914667 1.53873937871
 0.769369793093 1.53873885574
 0.705255209586 1.53873884506
 0.64114093677 1.53873989166
 0.577027595636 1.5387397473
 0.512912559678 1.53873978422
 0.448799068144 1.53873848536
 0.3846845425 1.5387389743
 0.320570303832 1.53873832388
 0.256456255841 1.53873934254
 0.192342032756 1.53873885277
 0.128227827544 1.5387365233
 0.0641138743292 1.53873211335
 0.0 0.0
 3.14159265359 0.0
 3.07747867105 -1.47462824706
 3.01336464722 -1.47462611428
 2.94925048057 -1.47462304242
 2.8851365726 -1.47462369035
 2.82102215286 -1.47462395819
 2.75690789745 -1.47462586387
 2.69279357648 -1.47462477376
 2.6286797293 -1.47462549645
 2.56456540561 -1.47462495436
 2.5004513354 -1.47462580391
 2.43633717996 -1.47462489509
 2.37222266338 -1.47462448662
 2.30810912373 -1.47462473128
 2.24399472786 -1.4746249334
 2.17988110733 -1.47462559606
 2.1157669962 -1.47462555619
 2.05165228406 -1.47462501823
 1.9875379736 -1.47462473693
 1.9234239623 -1.47462468887
 1.85931032713 -1.4746253227
 1.79519582987 -1.47462465316
 1.73108179299 -1.47462529415
 1.6669674673 -1.47462547813
 1.60285380648 -1.47462484372
 1.53873884711 -1.47462484372
 1.47462518629 -1.47462547813
 1.4105108606 -1.47462529415
 1.34639682372 -1.47462465316
 1.28228232646 -1.4746253227
 1.21816869129 -1.47462468887
 1.15405467999 -1.47462473693
 1.08994036953 -1.47462501823
 1.02582565739 -1.47462555619
 0.961711546255 -1.47462559606
 0.897597925727 -1.4746249334
 0.833483529862 -1.47462473128
 0.769369990213 -1.47462448662
 0.705255473625 -1.47462489509
 0.641141318192 -1.47462580391
 0.57702724798 -1.47462495436
 0.512912924289 -1.47462549645
 0.448799077115 -1.47462477376
 0.384684756138 -1.47462586387
 0.320570500735 -1.47462395819
 0.256456080989 -1.47462369035
 0.192342173018 -1.47462304242
 0.128228006374 -1.47462611428
 0.0641139825426 -1.47462824706
 0.0 0.0
 3.14159265359 0.0
 3.07747833488 -1.34639685739
 3.01336447027 -1.34639946042
 2.94925005961 -1.3463959506
 2.88513618077 -1.34639865799
 2.8210219036 -1.34639753617
 2.75690813217 -1.34639607489
 2.69279412663 -1.34639714563
 2.62867990107 -1.34639660033
 2.56456552755 -1.34639665417
 2.5004512693 -1.34639716706
 2.43633722002 -1.34639745008
 2.37222300527 -1.34639664703
 2.30810881379 -1.34639740974
 2.24399509323 -1.34639659621
 2.17988086041 -1.34639748905
 2.11576664117 -1.34639715859
 2.05165226337 -1.34639664476
 1.98753804492 -1.34639670442
 1.92342403253 -1.34639670217
 1.85931032641 -1.34639650064
 1.79519595412 -1.34639662205
 1.7310817678 -1.34639645186
 1.66696748687 -1.3463965745
 1.6028538144 -1.34639646529
 1.53873883918 -1.34639646529
 1.47462516672 -1.3463965745
 1.41051088579 -1.34639645186
 1.34639669947 -1.34639662205
 1.28228232718 -1.34639650064
 1.21816862106 -1.34639670217
 1.15405460867 -1.34639670442
 1.08994039022 -1.34639664476
 1.02582601242 -1.34639715859
 0.961711793175 -1.34639748905
 0.897597560357 -1.34639659621
 0.833483839798 -1.34639740974
 0.769369648318 -1.34639664703
 0.705255433568 -1.34639745008
 0.641141384286 -1.34639716706
 0.577027126036 -1.34639665417
 0.512912752519 -1.34639660033
 0.44879852696 -1.34639714563
 0.384684521417 -1.34639607489
 0.320570749994 -1.34639753617
 0.256456472822 -1.34639865799
 0.192342593979 -1.3463959506
 0.128228183319 -1.34639946042
 0.0641143187077 -1.34639685739
 0.0 0.0
 3.14159265359 0.0
 3.07747824592 -1.21816359715
 3.01336418443 -1.21817167218
 2.94925036028 -1.21816556717
 2.88513612253 -1.21817041684
 2.8210222745 -1.21816954967
 2.75690816848 -1.21816863868
 2.69279400684 -1.21816903848
 2.62867956048 -1.21816804645
 2.56456550338 -1.21816787219
 2.5004515376 -1.21816941576
 2.43633721504 -1.21816927409
 2.37222296136 -1.21816912377
 2.30810870414 -1.21816899324
 2.2439950584 -1.2181688374
 2.17988073499 -1.21816849195
 2.11576715981 -1.21816885482
 2.05165235082 -1.21816884601
 1.98753805986 -1.21816860934
 1.92342403938 -1.21816878528
 1.85931023944 -1.21816912479
 1.79519588125 -1.21816858921
 1.73108176446 -1.21816869015
 1.66696749792 -1.21816877892
 1.60285382018 -1.218168128
 1.53873883341 -1.218168128
 1.47462515567 -1.21816877892
 1.41051088913 -1.21816869015
 1.34639677234 -1.21816858921
 1.28228241415 -1.21816912479
 1.21816861421 -1.21816878528
 1.15405459373 -1.21816860934
 1.08994030277 -1.21816884601
 1.02582549378 -1.21816885482
 0.9617119186 -1.21816849195
 0.897597595185 -1.2181688374
 0.833483949454 -1.21816899324
 0.769369692232 -1.21816912377
 0.705255438547 -1.21816927409
 0.641141115991 -1.21816941576
 0.577027150211 -1.21816787219
 0.512913093112 -1.21816804645
 0.448798646745 -1.21816903848
 0.384684485112 -1.21816863868
 0.320570379089 -1.21816954967
 0.256456531061 -1.21817041684
 0.192342293314 -1.21816556717
 0.128228469163 -1.21817167218
 0.0641144076686 -1.21816359715
 0.0 0.0
 3.14159265359 0.0
 3.07747811756 -1.08994213657
 3.0133642453 -1.08994160198
 2.94925039399 -1.08994090735
 2.88513610745 -1.08994019986
 2.82102165672 -1.08993962904
 2.75690846691 -1.08994058148
 2.6927937126 -1.08993996367
 2.6286794518 -1.08993983922
 2.56456518888 -1.08994006606
 2.50045180113 -1.08994004622
 2.43633724249 -1.08994103899
 2.37222250775 -1.08994029733
 2.30810891982 -1.08994023725
 2.24399504489 -1.08994015723
 2.1798809918 -1.08994030085
 2.1157669063 -1.08994060042
 2.05165225046 -1.08994026349
 1.98753772328 -1.08994036783
 1.92342409378 -1.08993968822
 1.85931034408 -1.08993980656
 1.79519599786 -1.08994055879
 1.73108175286 -1.08994079237
 1.66696753931 -1.08994006623
 1.60285380556 -1.08994009301
 1.53873884803 -1.08994009301
 1.47462511428 -1.08994006623
 1.41051090073 -1.08994079237
 1.34639665573 -1.08994055879
 1.28228230951 -1.08993980656
 1.21816855981 -1.08993968822
 1.15405493031 -1.08994036783
 1.08994040313 -1.08994026349
 1.02582574729 -1.08994060042
 0.961711661794 -1.08994030085
 0.897597608705 -1.08994015723
 0.833483733767 -1.08994023725
 0.769370145841 -1.08994029733
 0.705255411102 -1.08994103899
 0.641140852455 -1.08994004622
 0.577027464709 -1.08994006606
 0.512913201794 -1.08993983922
 0.448798940994 -1.08993996367
 0.384684186676 -1.08994058148
 0.32057099687 -1.08993962904
 0.256456546137 -1.08994019986
 0.192342259601 -1.08994090735
 0.128228408292 -1.08994160198
 0.0641145360283 -1.08994213657
 0.0 0.0
 3.14159265359 0.0
 3.07747797359 -0.961710853875
 3.01336442833 -0.961708479583
 2.94925023936 -0.961712181719
 2.88513651115 -0.961711060621
 2.82102188417 -0.961711123177
 2.75690735254 -0.961711587997
 2.69279411897 -0.9617117221
 2.62867949995 -0.96171160564
 2.5645649033 -0.961711874049
 2.50045129949 -0.961712358595
 2.43633726747 -0.961712420505
 2.37222232763 -0.961711928338
 2.30810937523 -0.961712086319
 2.24399509244 -0.961711486005
 2.17988074276 -0.961712577635
 2.11576713159 -0.961712194914
 2.05165220748 -0.961712155202
 1.98753777962 -0.961711849947
 1.92342403786 -0.961712548566
 1.85931025711 -0.961712043307
 1.79519577075 -0.961711720401
 1.73108179738 -0.961712093996
 1.66696752933 -0.961711824715
 1.6028538081 -0.961711881845
 1.53873884549 -0.961711881845
 1.47462512426 -0.961711824715
 1.41051085621 -0.961712093996
 1.34639688284 -0.961711720401
 1.28228239648 -0.961712043307
 1.21816861573 -0.961712548566
 1.15405487397 -0.961711849947
 1.08994044611 -0.961712155202
 1.025825522 -0.961712194914
 0.961711910832 -0.961712577635
 0.897597561146 -0.961711486005
 0.833483278363 -0.961712086319
 0.769370325965 -0.961711928338
 0.70525538612 -0.961712420505
 0.641141354104 -0.961712358595
 0.577027750291 -0.961711874049
 0.512913153638 -0.96171160564
 0.448798534618 -0.9617117221
 0.384685301049 -0.961711587997
 0.320570769424 -0.961711123177
 0.256456142437 -0.961711060621
 0.192342414233 -0.961712181719
 0.128228225263 -0.961708479583
 0.0641146800023 -0.961710853875
 0.0 0.0
 3.14159265359 0.0
 3.07747863837 -0.833491518922
 3.01336407572 -0.833485202646
 2.94924994908 -0.83348587976
 2.88513621056 -0.833484602091
 2.82102153353 -0.833483355681
 2.75690807872 -0.833484605915
 2.69279374071 -0.833485131274
 2.62867988512 -0.83348297759
 2.56456544905 -0.833482625641
 2.50045169122 -0.833483991242
 2.43633706786 -0.83348299914
 2.37222303767 -0.833483294372
 2.30810852672 -0.833483764035
 2.24399474383 -0.833484073065
 2.17988091813 -0.833482958829
 2.11576707678 -0.833483681441
 2.05165191919 -0.833483381539
 1.98753787378 -0.833484440156
 1.92342393694 -0.833484229144
 1.85931032277 -0.833484156794
 1.79519579961 -0.833483911018
 1.73108178496 -0.833483940849
 1.66696753992 -0.833483788466
 1.60285381889 -0.833484348115
 1.5387388347 -0.833484348115
 1.47462511367 -0.833483788466
 1.41051086863 -0.833483940849
 1.34639685398 -0.833483911018
 1.28228233082 -0.833484156794
 1.21816871665 -0.833484229144
 1.15405477981 -0.833484440156
 1.0899407344 -0.833483381539
 1.02582557681 -0.833483681441
 0.961711735462 -0.833482958829
 0.897597909765 -0.833484073065
 0.833484126867 -0.833483764035
 0.769369615922 -0.833483294372
 0.70525558573 -0.83348299914
 0.641140962373 -0.833483991242
 0.577027204545 -0.833482625641
 0.512912768471 -0.83348297759
 0.448798912877 -0.833485131274
 0.384684574867 -0.833484605915
 0.320571120059 -0.833483355681
 0.256456443029 -0.833484602091
 0.19234270451 -0.83348587976
 0.128228577868 -0.833485202646
 0.0641140152207 -0.833491518922
 0.0 0.0
 3.14159265359 0.0
 3.07747858818 -0.705253980469
 3.01336378639 -0.70525554031
 2.94925047727 -0.705253578756
 2.88513640016 -0.705255840464
 2.82102202512 -0.705255016478
 2.756907445 -0.705255257408
 2.69279363361 -0.705255944138
 2.62867967289 -0.705255277593
 2.56456571092 -0.705255606278
 2.50045154714 -0.705255034826
 2.43633715003 -0.70525532372
 2.37222268355 -0.705254982119
 2.30810890541 -0.705254996921
 2.24399525648 -0.705255486219
 2.17988080891 -0.705255425419
 2.11576679029 -0.705255653576
 2.05165220309 -0.705255961474
 1.98753789244 -0.705255159853
 1.92342399211 -0.705255582657
 1.85931023168 -0.705255552024
 1.79519584628 -0.705255473751
 1.73108174599 -0.705255014195
 1.66696753444 -0.705255751943
 1.60285381774 -0.705255061247
 1.53873883585 -0.705255061247
 1.47462511915 -0.705255751943
 1.4105109076 -0.705255014195
 1.34639680731 -0.705255473751
 1.28228242191 -0.705255552024
 1.21816866148 -0.705255582657
 1.15405476115 -0.705255159853
 1.0899404505 -0.705255961474
 1.0258258633 -0.705255653576
 0.961711844677 -0.705255425419
 0.89759739711 -0.705255486219
 0.833483748178 -0.705254996921
 0.769369970035 -0.705254982119
 0.70525550356 -0.70525532372
 0.641141106454 -0.705255034826
 0.577026942673 -0.705255606278
 0.512912980695 -0.705255277593
 0.448799019976 -0.705255944138
 0.384685208586 -0.705255257408
 0.320570628467 -0.705255016478
 0.256456253431 -0.705255840464
 0.192342176315 -0.705253578756
 0.128228867201 -0.70525554031
 0.0641140654061 -0.705253980469
 0.0 0.0
 3.14159265359 0.0
 3.07747865201 -0.577037390252
 3.01336489902 -0.57702564129
 2.94924987066 -0.57702787326
 2.88513628167 -0.577025569118
 2.82102216869 -0.57702924839
 2.75690791024 -0.577026395334
 2.6927934736 -0.577027506975
 2.6286791656 -0.577027480659
 2.56456574324 -0.577027029025
 2.50045181145 -0.577027277847
 2.43633696126 -0.577026531337
 2.3722229871 -0.577027299816
 2.30810925059 -0.577026809482
 2.24399485532 -0.577026602181
 2.17988058079 -0.577027382111
 2.11576690343 -0.577026989541
 2.0516521827 -0.577027554263
 1.98753801178 -0.577027426345
 1.92342413898 -0.577027102565
 1.85931032842 -0.577027491634
 1.79519598169 -0.577027320348
 1.73108182152 -0.577027294357
 1.66696753884 -0.577027399484
 1.60285379696 -0.577027277471
 1.53873885663 -0.577027277471
 1.47462511475 -0.577027399484
 1.41051083207 -0.577027294357
 1.3463966719 -0.577027320348
 1.28228232517 -0.577027491634
 1.21816851461 -0.577027102565
 1.15405464181 -0.577027426345
 1.08994047089 -0.577027554263
 1.02582575016 -0.577026989541
 0.961712072795 -0.577027382111
 0.897597798273 -0.577026602181
 0.833483403002 -0.577026809482
 0.769369666489 -0.577027299816
 0.705255692332 -0.577026531337
 0.641140842141 -0.577027277847
 0.577026910345 -0.577027029025
 0.51291348799 -0.577027480659
 0.448799179985 -0.577027506975
 0.38468474335 -0.577026395334
 0.3205704849 -0.57702924839
 0.256456371918 -0.577025569118
 0.192342782926 -0.57702787326
 0.128227754574 -0.57702564129
 0.0641140015841 -0.577037390252
 0.0 0.0
 3.14159265359 0.0
 3.07747875013 -0.44880042887
 3.01336460848 -0.448801370275
 2.94925003101 -0.448800678144
 2.88513587531 -0.448800174126
 2.82102192977 -0.44879758093
 2.75690793789 -0.448798218445
 2.69279358907 -0.448798486025
 2.62868003725 -0.448798487758
 2.56456524503 -0.448799378441
 2.50045164913 -0.448798274145
 2.43633683557 -0.448799018728
 2.37222309565 -0.448798701632
 2.30810910847 -0.448799706578
 2.2439948006 -0.448798891815
 2.17988082467 -0.448798330329
 2.11576674987 -0.448799439291
 2.0516522479 -0.448799110714
 1.98753796642 -0.44879932421
 1.92342399838 -0.448798692247
 1.85931035446 -0.448798531823
 1.79519584128 -0.448798475812
 1.73108178617 -0.448798861564
 1.66696746158 -0.448798943639
 1.60285381333 -0.448799100435
 1.53873884026 -0.448799100435
 1.47462519201 -0.448798943639
 1.41051086742 -0.448798861564
 1.34639681231 -0.448798475812
 1.28228229913 -0.448798531823
 1.21816865521 -0.448798692247
 1.15405468717 -0.44879932421
 1.08994040569 -0.448799110714
 1.02582590372 -0.448799439291
 0.961711828916 -0.448798330329
 0.897597852988 -0.448798891815
 0.833483545123 -0.448799706578
 0.769369557943 -0.448798701632
 0.705255818021 -0.448799018728
 0.641141004457 -0.448798274145
 0.577027408558 -0.448799378441
 0.512912616344 -0.448798487758
 0.448799064522 -0.448798486025
 0.384684715698 -0.448798218445
 0.320570723823 -0.44879758093
 0.256456778278 -0.448800174126
 0.192342622579 -0.448800678144
 0.128228045107 -0.448801370275
 0.0641139034639 -0.44880042887
 0.0 0.0
 3.14159265359 0.0
 3.07747870861 -0.320570931338
 3.01336400675 -0.320568510158
 2.94925029126 -0.320572714228
 2.88513634934 -0.320572434325
 2.82102234982 -0.320570374746
 2.75690811795 -0.320571652493
 2.6927937316 -0.320569848562
 2.62868000783 -0.320570621925
 2.56456527671 -0.32057151473
 2.50045158632 -0.320571527878
 2.43633712572 -0.32057048414
 2.37222252059 -0.320570068741
 2.30810895774 -0.320571125794
 2.24399461398 -0.320571118873
 2.17988100283 -0.320570732226
 2.1157668461 -0.320571276954
 2.05165212147 -0.320571029957
 1.98753771606 -0.320570595987
 1.92342398537 -0.32057051494
 1.85931040834 -0.320570638657
 1.79519583911 -0.320570856398
 1.73108170561 -0.320570444609
 1.66696753327 -0.32057063156
 1.60285382432 -0.320570417947
 1.53873882927 -0.320570417947
 1.47462512032 -0.32057063156
 1.41051094798 -0.320570444609
 1.34639681448 -0.320570856398
 1.28228224525 -0.320570638657
 1.21816866822 -0.32057051494
 1.15405493753 -0.320570595987
 1.08994053212 -0.320571029957
 1.02582580749 -0.320571276954
 0.961711650756 -0.320570732226
 0.89759803961 -0.320571118873
 0.83348369585 -0.320571125794
 0.769370132999 -0.320570068741
 0.705255527868 -0.32057048414
 0.641141067272 -0.320571527878
 0.577027376878 -0.32057151473
 0.512912645755 -0.320570621925
 0.448798921988 -0.320569848562
 0.384684535635 -0.320571652493
 0.320570303769 -0.320570374746
 0.256456304251 -0.320572434325
 0.192342362325 -0.320572714228
 0.128228646837 -0.320568510158
 0.0641139449814 -0.320570931338
 0.0 0.0
 3.14159265359 0.0
 3.07747812866 -0.192348050427
 3.01336434571 -0.192343765515
 2.94924966579 -0.192343854204
 2.88513617429 -0.192341376457
 2.82102232417 -0.192343698981
 2.7569076321 -0.19234352731
 2.69279330345 -0.19234307061
 2.62867995716 -0.192342738209
 2.56456514396 -0.192342862739
 2.50045141641 -0.192342383552
 2.43633689176 -0.192341581886
 2.37222244484 -0.192342683075
 2.30810867566 -0.192342943604
 2.24399479642 -0.192342579219
 2.17988066388 -0.192342306886
 2.11576694864 -0.192342548422
 2.05165194655 -0.192342216587
 1.9875379182 -0.192342571766
 1.9234241374 -0.192342110918
 1.85931037267 -0.192342825786
 1.7951959531 -0.192342607659
 1.73108182952 -0.192342154962
 1.66696755583 -0.192342198102
 1.60285381465 -0.192341971193
 1.53873883894 -0.192341971193
 1.47462509776 -0.192342198102
 1.41051082407 -0.192342154962
 1.34639670049 -0.192342607659
 1.28228228092 -0.192342825786
 1.21816851619 -0.192342110918
 1.15405473539 -0.192342571766
 1.08994070704 -0.192342216587
 1.02582570495 -0.192342548422
 0.961711989707 -0.192342306886
 0.897597857174 -0.192342579219
 0.833483977929 -0.192342943604
 0.76937020875 -0.192342683075
 0.705255761831 -0.192341581886
 0.641141237183 -0.192342383552
 0.577027509629 -0.192342862739
 0.512912696434 -0.192342738209
 0.448799350135 -0.19234307061
 0.384685021492 -0.19234352731
 0.320570329416 -0.192343698981
 0.256456479303 -0.192341376457
 0.192342987803 -0.192343854204
 0.128228307877 -0.192343765515
 0.0641145249306 -0.192348050427
 0.0 0.0
 3.14159265359 0.0
 3.07747807476 -0.0641138242859
 3.01336480773 -0.0641134284672
 2.94925006491 -0.0641163098209
 2.88513653557 -0.064115403374
 2.82102186285 -0.0641139266179
 2.75690793621 -0.0641129632251
 2.69279401228 -0.0641141156973
 2.62868001217 -0.0641134017426
 2.56456538414 -0.0641149800456
 2.50045124433 -0.0641139758725
 2.43633684441 -0.0641138811812
 2.37222289978 -0.0641148222485
 2.30810897095 -0.0641144417211
 2.24399499037 -0.0641139992225
 2.17988095156 -0.064114611666
 2.11576674273 -0.0641139035164
 2.05165193469 -0.0641145496622
 1.9875378309 -0.0641145432678
 1.9234241019 -0.0641142815086
 1.85931038267 -0.064114084256
 1.79519582388 -0.0641142816835
 1.73108169178 -0.064114150629
 1.66696750565 -0.0641139766351
 1.60285380679 -0.0641138130113
 1.5387388468 -0.0641138130113
 1.47462514794 -0.0641139766351
 1.41051096181 -0.064114150629
 1.34639682971 -0.0641142816835
 1.28228227092 -0.064114084256
 1.21816855169 -0.0641142815086
 1.15405482269 -0.0641145432678
 1.0899407189 -0.0641145496622
 1.02582591086 -0.0641139035164
 0.961711702027 -0.064114611666
 0.89759766322 -0.0641139992225
 0.833483682637 -0.0641144417211
 0.769369753808 -0.0641148222485
 0.705255809177 -0.0641138811812
 0.64114140926 -0.0641139758725
 0.577027269452 -0.0641149800456
 0.512912641419 -0.0641134017426
 0.44879864131 -0.0641141156973
 0.384684717384 -0.0641129632251
 0.320570790736 -0.0641139266179
 0.256456118018 -0.064115403374
 0.192342588677 -0.0641163098209
 0.12822784586 -0.0641134284672
 0.0641145788303 -0.0641138242859
 0.0 0.0
 3.14159265359 0.0
 3.07747807476 0.0641138242859
 3.01336480773 0.0641134284672
 2.94925006491 0.0641163098209
 2.88513653557 0.064115403374
 2.82102186285 0.0641139266179
 2.75690793621 0.0641129632251
 2.69279401228 0.0641141156973
 2.62868001217 0.0641134017426
 2.56456538414 0.0641149800456
 2.50045124433 0.0641139758725
 2.43633684441 0.0641138811812
 2.37222289978 0.0641148222485
 2.30810897095 0.0641144417211
 2.24399499037 0.0641139992225
 2.17988095156 0.064114611666
 2.11576674273 0.0641139035164
 2.05165193469 0.0641145496622
 1.9875378309 0.0641145432678
 1.9234241019 0.0641142815086
 1.85931038267 0.064114084256
 1.79519582388 0.0641142816835
 1.73108169178 0.064114150629
 1.66696750565 0.0641139766351
 1.60285380679 0.0641138130113
 1.5387388468 0.0641138130113
 1.47462514794 0.0641139766351
 1.41051096181 0.064114150629
 1.34639682971 0.0641142816835
 1.28228227092 0.064114084256
 1.21816855169 0.0641142815086
 1.15405482269 0.0641145432678
 1.0899407189 0.0641145496622
 1.02582591086 0.0641139035164
 0.961711702027 0.064114611666
 0.89759766322 0.0641139992225
 0.833483682637 0.0641144417211
 0.769369753808 0.0641148222485
 0.705255809177 0.0641138811812
 0.64114140926 0.0641139758725
 0.577027269452 0.0641149800456
 0.512912641419 0.0641134017426
 0.44879864131 0.0641141156973
 0.384684717384 0.0641129632251
 0.320570790736 0.0641139266179
 0.256456118018 0.064115403374
 0.192342588677 0.0641163098209
 0.12822784586 0.0641134284672
 0.0641145788303 0.0641138242859
 0.0 0.0
 3.14159265359 0.0
 3.07747812866 0.192348050427
 3.01336434571 0.192343765515
 2.94924966579 0.192343854204
 2.88513617429 0.192341376457
 2.82102232417 0.192343698981
 2.7569076321 0.19234352731
 2.69279330345 0.19234307061
 2.62867995716 0.192342738209
 2.56456514396 0.192342862739
 2.50045141641 0.192342383552
 2.43633689176 0.192341581886
 2.37222244484 0.192342683075
 2.30810867566 0.192342943604
 2.24399479642 0.192342579219
 2.17988066388 0.192342306886
 2.11576694864 0.192342548422
 2.05165194655 0.192342216587
 1.9875379182 0.192342571766
 1.9234241374 0.192342110918
 1.85931037267 0.192342825786
 1.7951959531 0.192342607659
 1.73108182952 0.192342154962
 1.66696755583 0.192342198102
 1.60285381465 0.192341971193
 1.53873883894 0.192341971193
 1.47462509776 0.192342198102
 1.41051082407 0.192342154962
 1.34639670049 0.192342607659
 1.28228228092 0.192342825786
 1.21816851619 0.192342110918
 1.15405473539 0.192342571766
 1.08994070704 0.192342216587
 1.02582570495 0.192342548422
 0.961711989707 0.192342306886
 0.897597857174 0.192342579219
 0.833483977929 0.192342943604
 0.76937020875 0.192342683075
 0.705255761831 0.192341581886
 0.641141237183 0.192342383552
 0.577027509629 0.192342862739
 0.512912696434 0.192342738209
 0.448799350135 0.19234307061
 0.384685021492 0.19234352731
 0.320570329416 0.192343698981
 0.256456479303 0.192341376457
 0.192342987803 0.192343854204
 0.128228307877 0.192343765515
 0.0641145249306 0.192348050427
 0.0 0.0
 3.14159265359 0.0
 3.07747870861 0.320570931338
 3.01336400675 0.320568510158
 2.94925029126 0.320572714228
 2.88513634934 0.320572434325
 2.82102234982 0.320570374746
 2.75690811795 0.320571652493
 2.6927937316 0.320569848562
 2.62868000783 0.320570621925
 2.56456527671 0.32057151473
 2.50045158632 0.320571527878
 2.43633712572 0.32057048414
 2.37222252059 0.320570068741
 2.30810895774 0.320571125794
 2.24399461398 0.320571118873
 2.17988100283 0.320570732226
 2.1157668461 0.320571276954
 2.05165212147 0.320571029957
 1.98753771606 0.320570595987
 1.92342398537 0.32057051494
 1.85931040834 0.320570638657
 1.79519583911 0.320570856398
 1.73108170561 0.320570444609
 1.66696753327 0.32057063156
 1.60285382432 0.320570417947
 1.53873882927 0.320570417947
 1.47462512032 0.32057063156
 1.41051094798 0.320570444609
 1.34639681448 0.320570856398
 1.28228224525 0.320570638657
 1.21816866822 0.32057051494
 1.15405493753 0.320570595987
 1.08994053212 0.320571029957
 1.02582580749 0.320571276954
 0.961711650756 0.320570732226
 0.89759803961 0.320571118873
 0.83348369585 0.320571125794
 0.769370132999 0.320570068741
 0.705255527868 0.32057048414
 0.641141067272 0.320571527878
 0.577027376878 0.32057151473
 0.512912645755 0.320570621925
 0.448798921988 0.320569848562
 0.384684535635 0.320571652493
 0.320570303769 0.320570374746
 0.256456304251 0.320572434325
 0.192342362325 0.320572714228
 0.128228646837 0.320568510158
 0.0641139449814 0.320570931338
 0.0 0.0
 3.14159265359 0.0
 3.07747875013 0.44880042887
 3.01336460848 0.448801370275
 2.94925003101 0.448800678144
 2.88513587531 0.448800174126
 2.82102192977 0.44879758093
 2.75690793789 0.448798218445
 2.69279358907 0.448798486025
 2.62868003725 0.448798487758
 2.56456524503 0.448799378441
 2.50045164913 0.448798274145
 2.43633683557 0.448799018728
 2.37222309565 0.448798701632
 2.30810910847 0.448799706578
 2.2439948006 0.448798891815
 2.17988082467 0.448798330329
 2.11576674987 0.448799439291
 2.0516522479 0.448799110714
 1.98753796642 0.44879932421
 1.92342399838 0.448798692247
 1.85931035446 0.448798531823
 1.79519584128 0.448798475812
 1.73108178617 0.448798861564
 1.66696746158 0.448798943639
 1.60285381333 0.448799100435
 1.53873884026 0.448799100435
 1.47462519201 0.448798943639
 1.41051086742 0.448798861564
 1.34639681231 0.448798475812
 1.28228229913 0.448798531823
 1.21816865521 0.448798692247
 1.15405468717 0.44879932421
 1.08994040569 0.448799110714
 1.02582590372 0.448799439291
 0.961711828916 0.448798330329
 0.897597852988 0.448798891815
 0.833483545123 0.448799706578
 0.769369557943 0.448798701632
 0.705255818021 0.448799018728
 0.641141004457 0.448798274145
 0.577027408558 0.448799378441
 0.512912616344 0.448798487758
 0.448799064522 0.448798486025
 0.384684715698 0.448798218445
 0.320570723823 0.44879758093
 0.256456778278 0.448800174126
 0.192342622579 0.448800678144
 0.128228045107 0.448801370275
 0.0641139034639 0.44880042887
 0.0 0.0
 3.14159265359 0.0
 3.07747865201 0.577037390252
 3.01336489902 0.57702564129
 2.94924987066 0.57702787326
 2.88513628167 0.577025569118
 2.82102216869 0.57702924839
 2.75690791024 0.577026395334
 2.6927934736 0.577027506975
 2.6286791656 0.577027480659
 2.56456574324 0.577027029025
 2.50045181145 0.577027277847
 2.43633696126 0.577026531337
 2.3722229871 0.577027299816
 2.30810925059 0.577026809482
 2.24399485532 0.577026602181
 2.17988058079 0.577027382111
 2.11576690343 0.577026989541
 2.0516521827 0.577027554263
 1.98753801178 0.577027426345
 1.92342413898 0.577027102565
 1.85931032842 0.577027491634
 1.79519598169 0.577027320348
 1.73108182152 0.577027294357
 1.66696753884 0.577027399484
 1.60285379696 0.577027277471
 1.53873885663 0.577027277471
 1.47462511475 0.577027399484
 1.41051083207 0.577027294357
 1.3463966719 0.577027320348
 1.28228232517 0.577027491634
 1.21816851461 0.577027102565
 1.15405464181 0.577027426345
 1.08994047089 0.577027554263
 1.02582575016 0.577026989541
 0.961712072795 0.577027382111
 0.897597798273 0.577026602181
 0.833483403002 0.577026809482
 0.769369666489 0.577027299816
 0.705255692332 0.577026531337
 0.641140842141 0.577027277847
 0.577026910345 0.577027029025
 0.51291348799 0.577027480659
 0.448799179985 0.577027506975
 0.38468474335 0.577026395334
 0.3205704849 0.57702924839
 0.256456371918 0.577025569118
 0.192342782926 0.57702787326
 0.128227754574 0.57702564129
 0.0641140015841 0.577037390252
 0.0 0.0
 3.14159265359 0.0
 3.07747858818 0.705253980469
 3.01336378639 0.70525554031
 2.94925047727 0.705253578756
 2.88513640016 0.705255840464
 2.82102202512 0.705255016478
 2.756907445 0.705255257408
 2.69279363361 0.705255944138
 2.62867967289 0.705255277593
 2.56456571092 0.705255606278
 2.50045154714 0.705255034826
 2.43633715003 0.70525532372
 2.37222268355 0.705254982119
 2.30810890541 0.705254996921
 2.24399525648 0.705255486219
 2.17988080891 0.705255425419
 2.11576679029 0.705255653576
 2.05165220309 0.705255961474
 1.98753789244 0.705255159853
 1.92342399211 0.705255582657
 1.85931023168 0.705255552024
 1.79519584628 0.705255473751
 1.73108174599 0.705255014195
 1.66696753444 0.705255751943
 1.60285381774 0.705255061247
 1.53873883585 0.705255061247
 1.47462511915 0.705255751943
 1.4105109076 0.705255014195
 1.34639680731 0.705255473751
 1.28228242191 0.705255552024
 1.21816866148 0.705255582657
 1.15405476115 0.705255159853
 1.0899404505 0.705255961474
 1.0258258633 0.705255653576
 0.961711844677 0.705255425419
 0.89759739711 0.705255486219
 0.833483748178 0.705254996921
 0.769369970035 0.705254982119
 0.70525550356 0.70525532372
 0.641141106454 0.705255034826
 0.577026942673 0.705255606278
 0.512912980695 0.705255277593
 0.448799019976 0.705255944138
 0.384685208586 0.705255257408
 0.320570628467 0.705255016478
 0.256456253431 0.705255840464
 0.192342176315 0.705253578756
 0.128228867201 0.70525554031
 0.0641140654061 0.705253980469
 0.0 0.0
 3.14159265359 0.0
 3.07747863837 0.833491518922
 3.01336407572 0.833485202646
 2.94924994908 0.83348587976
 2.88513621056 0.833484602091
 2.82102153353 0.833483355681
 2.75690807872 0.833484605915
 2.69279374071 0.833485131274
 2.62867988512 0.83348297759
 2.56456544905 0.833482625641
 2.50045169122 0.833483991242
 2.43633706786 0.83348299914
 2.37222303767 0.833483294372
 2.30810852672 0.833483764035
 2.24399474383 0.833484073065
 2.17988091813 0.833482958829
 2.11576707678 0.833483681441
 2.05165191919 0.833483381539
 1.98753787378 0.833484440156
 1.92342393694 0.833484229144
 1.85931032277 0.833484156794
 1.79519579961 0.833483911018
 1.73108178496 0.833483940849
 1.66696753992 0.833483788466
 1.60285381889 0.833484348115
 1.5387388347 0.833484348115
 1.47462511367 0.833483788466
 1.41051086863 0.833483940849
 1.34639685398 0.833483911018
 1.28228233082 0.833484156794
 1.21816871665 0.833484229144
 1.15405477981 0.833484440156
 1.0899407344 0.833483381539
 1.02582557681 0.833483681441
 0.961711735462 0.833482958829
 0.897597909765 0.833484073065
 0.833484126867 0.833483764035
 0.769369615922 0.833483294372
 0.70525558573 0.83348299914
 0.641140962373 0.833483991242
 0.577027204545 0.833482625641
 0.512912768471 0.83348297759
 0.448798912877 0.833485131274
 0.384684574867 0.833484605915
 0.320571120059 0.833483355681
 0.256456443029 0.833484602091
 0.19234270451 0.83348587976
 0.128228577868 0.833485202646
 0.0641140152207 0.833491518922
 0.0 0.0
 3.14159265359 0.0
 3.07747797359 0.961710853875
 3.01336442833 0.961708479583
 2.94925023936 0.961712181719
 2.88513651115 0.961711060621
 2.82102188417 0.961711123177
 2.75690735254 0.961711587997
 2.69279411897 0.9617117221
 2.62867949995 0.96171160564
 2.5645649033 0.961711874049
 2.50045129949 0.961712358595
 2.43633726747 0.961712420505
 2.37222232763 0.961711928338
 2.30810937523 0.961712086319
 2.24399509244 0.961711486005
 2.17988074276 0.961712577635
 2.11576713159 0.961712194914
 2.05165220748 0.961712155202
 1.98753777962 0.961711849947
 1.92342403786 0.961712548566
 1.85931025711 0.961712043307
 1.79519577075 0.961711720401
 1.73108179738 0.961712093996
 1.66696752933 0.961711824715
 1.6028538081 0.961711881845
 1.53873884549 0.961711881845
 1.47462512426 0.961711824715
 1.41051085621 0.961712093996
 1.34639688284 0.961711720401
 1.28228239648 0.961712043307
 1.21816861573 0.961712548566
 1.15405487397 0.961711849947
 1.08994044611 0.961712155202
 1.025825522 0.961712194914
 0.961711910832 0.961712577635
 0.897597561146 0.961711486005
 0.833483278363 0.961712086319
 0.769370325965 0.961711928338
 0.70525538612 0.961712420505
 0.641141354104 0.961712358595
 0.577027750291 0.961711874049
 0.512913153638 0.96171160564
 0.448798534618 0.9617117221
 0.384685301049 0.961711587997
 0.320570769424 0.961711123177
 0.256456142437 0.961711060621
 0.192342414233 0.961712181719
 0.128228225263 0.961708479583
 0.0641146800023 0.961710853875
 0.0 0.0
 3.14159265359 0.0
 3.07747811756 1.08994213657
 3.0133642453 1.08994160198
 2.94925039399 1.08994090735
 2.88513610745 1.08994019986
 2.82102165672 1.08993962904
 2.75690846691 1.08994058148
 2.6927937126 1.08993996367
 2.6286794518 1.08993983922
 2.56456518888 1.08994006606
 2.50045180113 1.08994004622
 2.43633724249 1.08994103899
 2.37222250775 1.08994029733
 2.30810891982 1.08994023725
 2.24399504489 1.08994015723
 2.1798809918 1.08994030085
 2.1157669063 1.08994060042
 2.05165225046 1.08994026349
 1.98753772328 1.08994036783
 1.92342409378 1.08993968822
 1.85931034408 1.08993980656
 1.79519599786 1.08994055879
 1.73108175286 1.08994079237
 1.66696753931 1.08994006623
 1.60285380556 1.08994009301
 1.53873884803 1.08994009301
 1.47462511428 1.08994006623
 1.41051090073 1.08994079237
 1.34639665573 1.08994055879
 1.28228230951 1.08993980656
 1.21816855981 1.08993968822
 1.15405493031 1.08994036783
 1.08994040313 1.08994026349
 1.02582574729 1.08994060042
 0.961711661794 1.08994030085
 0.897597608705 1.08994015723
 0.833483733767 1.08994023725
 0.769370145841 1.08994029733
 0.705255411102 1.08994103899
 0.641140852455 1.08994004622
 0.577027464709 1.08994006606
 0.512913201794 1.08993983922
 0.448798940994 1.08993996367
 0.384684186676 1.08994058148
 0.32057099687 1.08993962904
 0.256456546137 1.08994019986
 0.192342259601 1.08994090735
 0.128228408292 1.08994160198
 0.0641145360283 1.08994213657
 0.0 0.0
 3.14159265359 0.0
 3.07747824592 1.21816359715
 3.01336418443 1.21817167218
 2.94925036028 1.21816556717
 2.88513612253 1.21817041684
 2.8210222745 1.21816954967
 2.75690816848 1.21816863868
 2.69279400684 1.21816903848
 2.62867956048 1.21816804645
 2.56456550338 1.21816787219
 2.5004515376 1.21816941576
 2.43633721504 1.21816927409
 2.37222296136 1.21816912377
 2.30810870414 1.21816899324
 2.2439950584 1.2181688374
 2.17988073499 1.21816849195
 2.11576715981 1.21816885482
 2.05165235082 1.21816884601
 1.98753805986 1.21816860934
 1.92342403938 1.21816878528
 1.85931023944 1.21816912479
 1.79519588125 1.21816858921
 1.73108176446 1.21816869015
 1.66696749792 1.21816877892
 1.60285382018 1.218168128
 1.53873883341 1.218168128
 1.47462515567 1.21816877892
 1.41051088913 1.21816869015
 1.34639677234 1.21816858921
 1.28228241415 1.21816912479
 1.21816861421 1.21816878528
 1.15405459373 1.21816860934
 1.08994030277 1.21816884601
 1.02582549378 1.21816885482
 0.9617119186 1.21816849195
 0.897597595185 1.2181688374
 0.833483949454 1.21816899324
 0.769369692232 1.21816912377
 0.705255438547 1.21816927409
 0.641141115991 1.21816941576
 0.577027150211 1.21816787219
 0.512913093112 1.21816804645
 0.448798646745 1.21816903848
 0.384684485112 1.21816863868
 0.320570379089 1.21816954967
 0.256456531061 1.21817041684
 0.192342293314 1.21816556717
 0.128228469163 1.21817167218
 0.0641144076686 1.21816359715
 0.0 0.0
 3.14159265359 0.0
 3.07747833488 1.34639685739
 3.01336447027 1.34639946042
 2.94925005961 1.3463959506
 2.88513618077 1.34639865799
 2.8210219036 1.34639753617
 2.75690813217 1.34639607489
 2.69279412663 1.34639714563
 2.62867990107 1.34639660033
 2.56456552755 1.34639665417
 2.5004512693 1.34639716706
 2.43633722002 1.34639745008
 2.37222300527 1.34639664703
 2.30810881379 1.34639740974
 2.24399509323 1.34639659621
 2.17988086041 1.34639748905
 2.11576664117 1.34639715859
 2.05165226337 1.34639664476
 1.98753804492 1.34639670442
 1.92342403253 1.34639670217
 1.85931032641 1.34639650064
 1.79519595412 1.34639662205
 1.7310817678 1.34639645186
 1.66696748687 1.3463965745
 1.6028538144 1.34639646529
 1.53873883918 1.34639646529
 1.47462516672 1.3463965745
 1.41051088579 1.34639645186
 1.34639669947 1.34639662205
 1.28228232718 1.34639650064
 1.21816862106 1.34639670217
 1.15405460867 1.34639670442
 1.08994039022 1.34639664476
 1.02582601242 1.34639715859
 0.961711793175 1.34639748905
 0.897597560357 1.34639659621
 0.833483839798 1.34639740974
 0.769369648318 1.34639664703
 0.705255433568 1.34639745008
 0.641141384286 1.34639716706
 0.577027126036 1.34639665417
 0.512912752519 1.34639660033
 0.44879852696 1.34639714563
 0.384684521417 1.34639607489
 0.320570749994 1.34639753617
 0.256456472822 1.34639865799
 0.192342593979 1.3463959506
 0.128228183319 1.34639946042
 0.0641143187077 1.34639685739
 0.0 0.0
 3.14159265359 0.0
 3.07747867105 1.47462824706
 3.01336464722 1.47462611428
 2.94925048057 1.47462304242
 2.8851365726 1.47462369035
 2.82102215286 1.47462395819
 2.75690789745 1.47462586387
 2.69279357648 1.47462477376
 2.6286797293 1.47462549645
 2.56456540561 1.47462495436
 2.5004513354 1.47462580391
 2.43633717996 1.47462489509
 2.37222266338 1.47462448662
 2.30810912373 1.47462473128
 2.24399472786 1.4746249334
 2.17988110733 1.47462559606
 2.1157669962 1.47462555619
 2.05165228406 1.47462501823
 1.9875379736 1.47462473693
 1.9234239623 1.47462468887
 1.85931032713 1.4746253227
 1.79519582987 1.47462465316
 1.73108179299 1.47462529415
 1.6669674673 1.47462547813
 1.60285380648 1.47462484372
 1.53873884711 1.47462484372
 1.47462518629 1.47462547813
 1.4105108606 1.47462529415
 1.34639682372 1.47462465316
 1.28228232646 1.4746253227
 1.21816869129 1.47462468887
 1.15405467999 1.47462473693
 1.08994036953 1.47462501823
 1.02582565739 1.47462555619
 0.961711546255 1.47462559606
 0.897597925727 1.4746249334
 0.833483529862 1.47462473128
 0.769369990213 1.47462448662
 0.705255473625 1.47462489509
 0.641141318192 1.47462580391
 0.57702724798 1.47462495436
 0.512912924289 1.47462549645
 0.448799077115 1.47462477376
 0.384684756138 1.47462586387
 0.320570500735 1.47462395819
 0.256456080989 1.47462369035
 0.192342173018 1.47462304242
 0.128228006374 1.47462611428
 0.0641139825426 1.47462824706
 0.0 0.0
 3.14159265359 0.0
 3.07747877926 -1.53873211335
 3.01336482605 -1.5387365233
 2.94925062083 -1.53873885277
 2.88513639775 -1.53873934254
 2.82102234976 -1.53873832388
 2.75690811109 -1.5387389743
 2.69279358545 -1.53873848536
 2.62868009391 -1.53873978422
 2.56456505795 -1.5387397473
 2.50045171682 -1.53873989166
 2.436337444 -1.53873884506
 2.3722228605 -1.53873885574
 2.30810873892 -1.53873937871
 2.24399477533 -1.5387391811
 2.17988081401 -1.53873903836
 2.11576705432 -1.53873886342
 2.05165198756 -1.53873916117
 1.98753782461 -1.53873966674
 1.92342411396 -1.5387396693
 1.8593104192 -1.53873905797
 1.79519586851 -1.53873923561
 1.73108170239 -1.53873900255
 1.66696747766 -1.53873974125
 1.60285380729 -1.53873937863
 1.5387388463 -1.53873937863
 1.47462517593 -1.53873974125
 1.4105109512 -1.53873900255
 1.34639678508 -1.53873923561
 1.28228223439 -1.53873905797
 1.21816853963 -1.5387396693
 1.15405482898 -1.53873966674
 1.08994066603 -1.53873916117
 1.02582559927 -1.53873886342
 0.961711839576 -1.53873903836
 0.897597878255 -1.5387391811
 0.833483914667 -1.53873937871
 0.769369793093 -1.53873885574
 0.705255209586 -1.53873884506
 0.64114093677 -1.53873989166
 0.577027595636 -1.5387397473
 0.512912559678 -1.53873978422
 0.448799068144 -1.53873848536
 0.3846845425 -1.5387389743
 0.320570303832 -1.53873832388
 0.256456255841 -1.53873934254
 0.192342032756 -1.53873885277
 0.128227827544 -1.5387365233
 0.0641138743292 -1.53873211335
 0.0 0.0
 3.14159265359 0.0
 3.0774783837 -1.41050494465
 3.01336441342 -1.41051238344
 2.94925050629 -1.41051019197
 2.88513635919 -1.4105118246
 2.82102217729 -1.41051168765
 2.75690763927 -1.41050997408
 2.69279384125 -1.41051048512
 2.62868014608 -1.41051179316
 2.56456551269 -1.41051151953
 2.50045142794 -1.41051165901
 2.4363374072 -1.41051120247
 2.37222286475 -1.41051075923
 2.30810896983 -1.41051138494
 2.24399480479 -1.41051130971
 2.17988099414 -1.41051145448
 2.11576700806 -1.41051056869
 2.05165195532 -1.41051121809
 1.9875380993 -1.41051107413
 1.92342402432 -1.41051148475
 1.85931047106 -1.41051121123
 1.79519589686 -1.41051137242
 1.73108175273 -1.41051111679
 1.66696752297 -1.41051136545
 1.60285380325 -1.41051095001
 1.53873885034 -1.41051095001
 1.47462513062 -1.41051136545
 1.41051090086 -1.41051111679
 1.34639675673 -1.41051137242
 1.28228218253 -1.41051121123
 1.21816862927 -1.41051148475
 1.15405455429 -1.41051107413
 1.08994069827 -1.41051121809
 1.02582564553 -1.41051056869
 0.961711659445 -1.41051145448
 0.897597848796 -1.41051130971
 0.833483683761 -1.41051138494
 0.769369788838 -1.41051075923
 0.705255246385 -1.41051120247
 0.641141225649 -1.41051165901
 0.577027140903 -1.41051151953
 0.512912507514 -1.41051179316
 0.448798812335 -1.41051048512
 0.384685014321 -1.41050997408
 0.320570476299 -1.41051168765
 0.256456294399 -1.4105118246
 0.192342147303 -1.41051019197
 0.128228240165 -1.41051238344
 0.0641142698932 -1.41050494465
 0.0 0.0
 3.14159265359 0.0
 3.07747847788 -1.28227863375
 3.0133639994 -1.28228018261
 2.94924984308 -1.28228277823
 2.8851365293 -1.28228112678
 2.82102215732 -1.28228255003
 2.75690824898 -1.28228192995
 2.69279407215 -1.28228222222
 2.62867975198 -1.28228200979
 2.56456512684 -1.28228235794
 2.50045176931 -1.28228246799
 2.43633695531 -1.28228263118
 2.37222309787 -1.28228234317
 2.30810869455 -1.28228219206
 2.24399466683 -1.28228236176
 2.17988071195 -1.28228236412
 2.11576674557 -1.28228242785
 2.05165219516 -1.28228259216
 1.98753784613 -1.28228231834
 1.92342387468 -1.28228302372
 1.85931038491 -1.28228315079
 1.79519586955 -1.28228258951
 1.73108185779 -1.28228302608
 1.66696749574 -1.28228255154
 1.60285382993 -1.28228301351
 1.53873882366 -1.28228301351
 1.47462515785 -1.28228255154
 1.4105107958 -1.28228302608
 1.34639678404 -1.28228258951
 1.28228226868 -1.28228315079
 1.2181687789 -1.28228302372
 1.15405480746 -1.28228231834
 1.08994045843 -1.28228259216
 1.02582590802 -1.28228242785
 0.961711941639 -1.28228236412
 0.897597986758 -1.28228236176
 0.833483959044 -1.28228219206
 0.769369555721 -1.28228234317
 0.70525569828 -1.28228263118
 0.641140884281 -1.28228246799
 0.577027526749 -1.28228235794
 0.51291290161 -1.28228200979
 0.448798581443 -1.28228222222
 0.384684404614 -1.28228192995
 0.320570496272 -1.28228255003
 0.256456124293 -1.28228112678
 0.19234281051 -1.28228277823
 0.128228654185 -1.28228018261
 0.0641141757141 -1.28227863375
 0.0 0.0
 3.14159265359 0.0
 3.07747796536 -1.15405054763
 3.01336464273 -1.154049637
 2.9492500253 -1.15405391513
 2.88513616289 -1.15405506097
 2.82102182569 -1.15405324848
 2.75690777079 -1.15405415944
 2.69279353657 -1.15405447191
 2.62868007325 -1.15405471969
 2.56456552389 -1.15405518357
 2.50045144769 -1.15405484197
 2.43633736271 -1.15405438261
 2.37222263402 -1.1540541159
 2.30810874502 -1.15405494306
 2.24399475728 -1.15405508585
 2.17988083923 -1.15405458683
 2.11576691471 -1.15405379969
 2.05165184851 -1.1540542477
 1.98753806018 -1.15405424567
 1.92342419371 -1.15405465939
 1.85931030499 -1.15405423877
 1.79519590781 -1.15405388818
 1.73108182388 -1.15405400727
 1.66696752002 -1.15405424681
 1.60285381623 -1.1540548604
 1.53873883736 -1.1540548604
 1.47462513357 -1.15405424681
 1.41051082971 -1.15405400727
 1.34639674578 -1.15405388818
 1.2822823486 -1.15405423877
 1.21816845987 -1.15405465939
 1.15405459341 -1.15405424567
 1.08994080508 -1.1540542477
 1.02582573888 -1.15405379969
 0.961711814358 -1.15405458683
 0.897597896315 -1.15405508585
 0.83348390857 -1.15405494306
 0.769370019566 -1.1540541159
 0.70525529088 -1.15405438261
 0.641141205902 -1.15405484197
 0.577027129698 -1.15405518357
 0.512912580338 -1.15405471969
 0.448799117017 -1.15405447191
 0.384684882801 -1.15405415944
 0.320570827902 -1.15405324848
 0.256456490699 -1.15405506097
 0.192342628287 -1.15405391513
 0.128228010857 -1.154049637
 0.064114688234 -1.15405054763
 0.0 0.0
 3.14159265359 0.0
 3.07747840519 -1.0258183483
 3.01336435384 -1.02582236911
 2.94925025544 -1.02582734574
 2.88513587246 -1.02582523845
 2.82102153964 -1.02582631953
 2.75690764218 -1.02582551007
 2.69279345504 -1.02582693146
 2.62867953708 -1.02582721268
 2.56456563755 -1.02582633487
 2.50045147006 -1.02582634379
 2.4363369846 -1.02582602906
 2.37222259316 -1.02582583539
 2.30810904818 -1.02582546422
 2.24399453955 -1.02582607701
 2.17988113531 -1.02582615016
 2.11576682128 -1.02582573781
 2.05165219802 -1.02582665804
 1.98753795106 -1.02582570862
 1.9234241741 -1.02582595842
 1.85931034696 -1.02582649842
 1.79519582487 -1.02582674974
 1.73108179391 -1.02582572489
 1.66696753151 -1.02582616088
 1.60285383175 -1.02582615668
 1.53873882184 -1.02582615668
 1.47462512208 -1.02582616088
 1.41051085968 -1.02582572489
 1.34639682872 -1.02582674974
 1.28228230663 -1.02582649842
 1.21816847949 -1.02582595842
 1.15405470253 -1.02582570862
 1.08994045557 -1.02582665804
 1.02582583231 -1.02582573781
 0.961711518279 -1.02582615016
 0.897598114035 -1.02582607701
 0.833483605408 -1.02582546422
 0.769370060431 -1.02582583539
 0.705255668993 -1.02582602906
 0.641141183533 -1.02582634379
 0.577027016041 -1.02582633487
 0.512913116509 -1.02582721268
 0.448799198553 -1.02582693146
 0.384685011415 -1.02582551007
 0.320571113946 -1.02582631953
 0.25645678113 -1.02582523845
 0.192342398148 -1.02582734574
 0.128228299749 -1.02582236911
 0.0641142483986 -1.0258183483
 0.0 0.0
 3.14159265359 0.0
 3.07747866253 -0.897598352478
 3.01336474902 -0.897596644449
 2.94925036766 -0.897600305361
 2.88513627848 -0.897597701036
 2.82102156033 -0.897598245984
 2.75690769714 -0.897598947735
 2.69279378574 -0.897598104411
 2.62868021767 -0.89759797341
 2.56456584435 -0.897598130233
 2.50045120616 -0.897598033123
 2.43633730765 -0.897597299001
 2.37222250001 -0.89759830395
 2.30810869091 -0.897597970417
 2.24399511804 -0.897597484714
 2.1798811276 -0.897597563568
 2.11576659406 -0.89759805041
 2.0516520704 -0.897597395247
 1.98753774783 -0.897598142788
 1.92342417075 -0.897598204925
 1.85931020364 -0.897597788493
 1.7951958707 -0.897597374742
 1.73108172214 -0.897597850555
 1.66696746782 -0.897597856429
 1.60285382089 -0.897598394047
 1.5387388327 -0.897598394047
 1.47462518577 -0.897597856429
 1.41051093145 -0.897597850555
 1.34639678289 -0.897597374742
 1.28228244994 -0.897597788493
 1.21816848284 -0.897598204925
 1.15405490576 -0.897598142788
 1.08994058319 -0.897597395247
 1.02582605953 -0.89759805041
 0.961711525994 -0.897597563568
 0.897597535547 -0.897597484714
 0.833483962679 -0.897597970417
 0.769370153578 -0.89759830395
 0.705255345944 -0.897597299001
 0.64114144743 -0.897598033123
 0.577026809244 -0.897598130233
 0.512912435921 -0.89759797341
 0.448798867853 -0.897598104411
 0.384684956452 -0.897598947735
 0.320571093261 -0.897598245984
 0.256456375106 -0.897597701036
 0.192342285932 -0.897600305361
 0.128227904567 -0.897596644449
 0.0641139910548 -0.897598352478
 0.0 0.0
 3.14159265359 0.0
 3.07747802641 -0.769372691543
 3.01336465727 -0.769372724498
 2.94924979868 -0.769369496084
 2.88513591676 -0.769368355172
 2.82102209756 -0.769368493308
 2.75690761393 -0.769369836152
 2.69279404347 -0.769369219682
 2.62867926444 -0.769369641001
 2.56456522361 -0.769369025743
 2.50045173396 -0.769369919693
 2.4363375283 -0.769369905358
 2.37222294192 -0.769369519455
 2.30810930183 -0.769369363614
 2.24399476072 -0.769370192786
 2.17988079157 -0.769370219375
 2.11576690591 -0.769369916508
 2.05165199247 -0.769369927281
 1.98753778584 -0.769369485392
 1.92342409283 -0.76936968291
 1.85931052026 -0.769369568354
 1.79519589171 -0.769369261632
 1.73108183054 -0.769369803484
 1.66696749246 -0.769369673258
 1.60285382588 -0.769369733679
 1.53873882771 -0.769369733679
 1.47462516113 -0.769369673258
 1.41051082305 -0.769369803484
 1.34639676188 -0.769369261632
 1.28228213333 -0.769369568354
 1.21816856076 -0.76936968291
 1.15405486775 -0.769369485392
 1.08994066112 -0.769369927281
 1.02582574768 -0.769369916508
 0.961711862022 -0.769370219375
 0.89759789287 -0.769370192786
 0.833483351761 -0.769369363614
 0.769369711672 -0.769369519455
 0.705255125294 -0.769369905358
 0.641140919633 -0.769369919693
 0.577027429977 -0.769369025743
 0.512913389146 -0.769369641001
 0.44879861012 -0.769369219682
 0.384685039663 -0.769369836152
 0.320570556033 -0.769368493308
 0.256456736833 -0.769368355172
 0.192342854908 -0.769369496084
 0.128227996319 -0.769372724498
 0.0641146271773 -0.769372691543
 0.0 0.0
 3.14159265359 0.0
 3.07747833406 -0.641138080143
 3.01336458551 -0.6411457174
 2.94925031111 -0.641141808303
 2.88513660669 -0.641140411528
 2.82102180912 -0.641142553741
 2.75690807814 -0.641141185891
 2.69279423858 -0.641141024487
 2.62867969917 -0.641140481921
 2.56456552694 -0.641141220137
 2.50045157376 -0.641141007455
 2.43633733171 -0.641141135241
 2.37222307815 -0.641141695726
 2.30810892635 -0.641141182554
 2.24399497414 -0.641142030137
 2.17988087952 -0.641141846189
 2.11576684102 -0.641141500646
 2.05165210491 -0.641140852007
 1.98753776494 -0.641141341237
 1.92342409507 -0.64114172994
 1.85931050027 -0.641141372342
 1.79519573242 -0.641141343845
 1.73108174357 -0.641141460538
 1.66696751839 -0.641141804198
 1.60285381795 -0.641141093989
 1.53873883564 -0.641141093989
 1.4746251352 -0.641141804198
 1.41051091002 -0.641141460538
 1.34639692117 -0.641141343845
 1.28228215332 -0.641141372342
 1.21816855852 -0.64114172994
 1.15405488865 -0.641141341237
 1.08994054868 -0.641140852007
 1.02582581257 -0.641141500646
 0.961711774069 -0.641141846189
 0.897597679446 -0.641142030137
 0.833483727244 -0.641141182554
 0.769369575444 -0.641141695726
 0.705255321878 -0.641141135241
 0.641141079835 -0.641141007455
 0.577027126653 -0.641141220137
 0.512912954415 -0.641140481921
 0.448798415005 -0.641141024487
 0.384684575447 -0.641141185891
 0.32057084447 -0.641142553741
 0.256456046897 -0.641140411528
 0.192342342477 -0.641141808303
 0.12822806808 -0.6411457174
 0.0641143195254 -0.641138080143
 0.0 0.0
 3.14159265359 0.0
 3.07747831517 -0.512904689278
 3.0133639649 -0.512915121386
 2.94925024113 -0.512913795547
 2.88513601555 -0.512913890621
 2.82102185533 -0.512912225713
 2.75690810767 -0.51291304996
 2.69279393593 -0.512912370249
 2.62867988062 -0.51291397235
 2.56456501679 -0.512913590002
 2.50045157859 -0.512912509446
 2.43633689118 -0.512912658069
 2.37222278979 -0.512913693543
 2.30810914184 -0.512912650967
 2.24399525352 -0.512912853181
 2.17988108573 -0.51291342513
 2.1157666867 -0.512913464778
 2.05165187399 -0.512912998083
 1.98753789712 -0.512912682003
 1.92342403702 -0.512913201081
 1.85931041132 -0.512913075658
 1.79519587795 -0.512912835473
 1.73108179678 -0.512912684678
 1.66696754148 -0.51291330121
 1.60285382462 -0.512912729103
 1.53873882897 -0.512912729103
 1.47462511211 -0.51291330121
 1.41051085681 -0.512912684678
 1.34639677564 -0.512912835473
 1.28228224227 -0.512913075658
 1.21816861657 -0.512913201081
 1.15405475647 -0.512912682003
 1.0899407796 -0.512912998083
 1.02582596689 -0.512913464778
 0.961711567859 -0.51291342513
 0.897597400073 -0.512912853181
 0.833483511747 -0.512912650967
 0.769369863798 -0.512913693543
 0.705255762409 -0.512912658069
 0.641141074999 -0.512912509446
 0.577027636801 -0.512913590002
 0.51291277297 -0.51291397235
 0.448798717655 -0.512912370249
 0.38468454592 -0.51291304996
 0.320570798264 -0.512912225713
 0.256456638041 -0.512913890621
 0.192342412464 -0.512913795547
 0.128228688694 -0.512915121386
 0.0641143384188 -0.512904689278
 0.0 0.0
 3.14159265359 0.0
 3.07747843575 -0.384677053109
 3.01336485481 -0.384685659259
 2.94925016561 -0.384687380366
 2.88513593335 -0.384683631669
 2.82102203077 -0.384685751032
 2.75690827949 -0.384684287391
 2.69279393597 -0.384684371851
 2.62868000726 -0.384684860837
 2.5645657955 -0.384684696416
 2.50045132363 -0.384684381469
 2.43633694146 -0.384685065448
 2.37222257774 -0.384685104604
 2.30810899628 -0.384684972347
 2.24399463231 -0.384685195077
 2.17988102221 -0.384685469291
 2.11576689899 -0.384685031648
 2.05165206339 -0.384684223224
 1.98753802223 -0.384685087363
 1.92342408701 -0.38468462633
 1.85931045683 -0.384684531087
 1.79519589354 -0.384684558133
 1.73108180492 -0.384685176732
 1.66696746506 -0.3846847136
 1.60285380511 -0.384684451116
 1.53873884848 -0.384684451116
 1.47462518853 -0.3846847136
 1.41051084867 -0.384685176732
 1.34639676005 -0.384684558133
 1.28228219676 -0.384684531087
 1.21816856658 -0.38468462633
 1.15405463136 -0.384685087363
 1.0899405902 -0.384684223224
 1.0258257546 -0.384685031648
 0.961711631381 -0.384685469291
 0.897598021275 -0.384685195077
 0.833483657313 -0.384684972347
 0.769370075845 -0.384685104604
 0.705255712129 -0.384685065448
 0.641141329962 -0.384684381469
 0.577026858086 -0.384684696416
 0.512912646333 -0.384684860837
 0.448798717617 -0.384684371851
 0.384684374102 -0.384684287391
 0.320570622824 -0.384685751032
 0.256456720235 -0.384683631669
 0.192342487984 -0.384687380366
 0.128227798782 -0.384685659259
 0.0641142178389 -0.384677053109
 0.0 0.0
 3.14159265359 0.0
 3.07747821975 -0.256460184082
 3.01336421151 -0.256459199725
 2.94925005327 -0.256454896206
 2.88513584921 -0.256457661715
 2.82102156527 -0.256457282477
 2.756907838 -0.256455933961
 2.69279324353 -0.256457151151
 2.62867929393 -0.256456799504
 2.56456555253 -0.2564558336
 2.50045180789 -0.256455873859
 2.43633720466 -0.256456386894
 2.3722229024 -0.25645650616
 2.30810902128 -0.256456699809
 2.24399467426 -0.256456233399
 2.17988118729 -0.256456136493
 2.11576693579 -0.256456736792
 2.05165206501 -0.256456554005
 1.98753774716 -0.256456490611
 1.92342390089 -0.256456646189
 1.85931050462 -0.256456172867
 1.79519581133 -0.256456546619
 1.73108175697 -0.256456328431
 1.66696752579 -0.256456107996
 1.60285381538 -0.256456261448
 1.53873883821 -0.256456261448
 1.4746251278 -0.256456107996
 1.41051089662 -0.256456328431
 1.34639684226 -0.256456546619
 1.28228214897 -0.256456172867
 1.2181687527 -0.256456646189
 1.15405490643 -0.256456490611
 1.08994058858 -0.256456554005
 1.0258257178 -0.256456736792
 0.961711466299 -0.256456136493
 0.89759797933 -0.256456233399
 0.833483632308 -0.256456699809
 0.769369751191 -0.25645650616
 0.705255448926 -0.256456386894
 0.641140845697 -0.256455873859
 0.577027101056 -0.2564558336
 0.512913359658 -0.256456799504
 0.448799410058 -0.256457151151
 0.384684815586 -0.256455933961
 0.320571088317 -0.256457282477
 0.256456804377 -0.256457661715
 0.192342600315 -0.256454896206
 0.128228442084 -0.256459199725
 0.0641144338437 -0.256460184082
 0.0 0.0
 3.14159265359 0.0
 3.07747870995 -0.128226854706
 3.0133646127 -0.128231910317
 2.94925040718 -0.128229337086
 2.88513617909 -0.128229767149
 2.82102224502 -0.128227891262
 2.75690800182 -0.128228084734
 2.69279334626 -0.128228550812
 2.62867946356 -0.128229084679
 2.56456547889 -0.128227460558
 2.50045152956 -0.128228818123
 2.43633748787 -0.128228960987
 2.37222277693 -0.128228401067
 2.3081091561 -0.128228797796
 2.24399472642 -0.128227719575
 2.17988071987 -0.128227854488
 2.11576689247 -0.128228013442
 2.05165223142 -0.128228540913
 1.98753804472 -0.128227782276
 1.92342387451 -0.128228558479
 1.85931038143 -0.128228584172
 1.79519581553 -0.128228226576
 1.73108177546 -0.128228271509
 1.66696751394 -0.12822802498
 1.60285383303 -0.128227871992
 1.53873882056 -0.128227871992
 1.47462513965 -0.12822802498
 1.41051087813 -0.128228271509
 1.34639683806 -0.128228226576
 1.28228227216 -0.128228584172
 1.21816877908 -0.128228558479
 1.15405460887 -0.128227782276
 1.08994042217 -0.128228540913
 1.02582576112 -0.128228013442
 0.961711933725 -0.128227854488
 0.897597927169 -0.128227719575
 0.833483497494 -0.128228797796
 0.769369876658 -0.128228401067
 0.705255165723 -0.128228960987
 0.641141124033 -0.128228818123
 0.577027174704 -0.128227460558
 0.51291319003 -0.128229084679
 0.448799307328 -0.128228550812
 0.384684651774 -0.128228084734
 0.320570408569 -0.128227891262
 0.256456474498 -0.128229767149
 0.192342246407 -0.128229337086
 0.128228040892 -0.128231910317
 0.0641139436419 -0.128226854706
 0.0 0.0
 3.14159265359 0.0
 3.07747871217 -0.0
 3.0133645406 -0.0
 2.94924985177 -0.0
 2.8851357427 -0.0
 2.82102226129 -0.0
 2.75690793445 -0.0
 2.69279352535 -0.0
 2.62867932213 -0.0
 2.56456529149 -0.0
 2.50045114561 -0.0
 2.43633748792 -0.0
 2.37222245776 -0.0
 2.30810896762 -0.0
 2.24399520829 -0.0
 2.17988104119 -0.0
 2.11576672729 -0.0
 2.05165222958 -0.0
 1.98753774306 -0.0
 1.92342416832 -0.0
 1.85931029231 -0.0
 1.7951958469 -0.0
 1.73108173532 -0.0
 1.66696751553 -0.0
 1.60285382383 -0.0
 1.53873882976 -0.0
 1.47462513806 -0.0
 1.41051091827 -0.0
 1.34639680669 -0.0
 1.28228236128 -0.0
 1.21816848527 -0.0
 1.15405491053 -0.0
 1.08994042401 -0.0
 1.0258259263 -0.0
 0.961711612396 -0.0
 0.897597445299 -0.0
 0.833483685967 -0.0
 0.769370195831 -0.0
 0.705255165671 -0.0
 0.641141507981 -0.0
 0.577027362104 -0.0
 0.512913331456 -0.0
 0.448799128245 -0.0
 0.384684719142 -0.0
 0.320570392302 -0.0
 0.256456910892 -0.0
 0.192342801824 -0.0
 0.128228112986 -0.0
 0.0641139414223 -0.0
 0.0 0.0
